@RELATION @user-item

@ATTRIBUTE user STRING 
@ATTRIBUTE item STRING 
@ATTRIBUTE rating NUMERIC
@ATTRIBUTE side STRING

@DATA
0,0,3,5;0:0;4 7;0:0;5 67;0:0;4 143;0:0;4 129;0:0;4 189;0:0;4 9;0:0;4 191;0:0;4 69;0:0;4 8;0:0;4 1;0:0;4 185;0:0;5 4;0:0;4 180;0:0;5 101;0:0;4 504;0:0;4 308;0:0;4 122;0:0;4 433;0:0;4 464;0:0;5 407;0:0;5
0,1,3,
0,2,5,7;0:2;4 310;0:2;4 67;0:2;4 113;0:2;5 191;0:2;4 151;0:2;4 1;0:2;4 4;0:2;4 465;0:2;4 97;0:2;4 180;0:2;4 101;0:2;4 426;0:2;4 84;0:2;4 308;0:2;4 433;0:2;4 63;0:2;4 288;0:2;4 94;0:2;4 464;0:2;4
0,6,4,5;0:6;4 67;0:6;4 113;0:6;4 191;0:6;4 1;0:6;4 6;0:6;4 185;0:6;4 4;0:6;4 97;0:6;4 99;0:6;4 101;0:6;4 426;0:6;4 504;0:6;4 84;0:6;4 115;0:6;4 308;0:6;4 98;0:6;4 73;0:6;4 179;0:6;4 178;0:6;4
0,7,4,5;0:7;4 235;0:7;4 7;0:7;4 67;0:7;4 129;0:7;4 189;0:7;4 151;0:7;4 185;0:7;4 4;0:7;4 180;0:7;4 99;0:7;4 101;0:7;4 426;0:7;4 395;0:7;4 115;0:7;4 308;0:7;4 141;0:7;4 73;0:7;4 179;0:7;4
0,9,4,289;0:9;4 7;0:9;4 67;0:9;4 88;0:9;4 189;0:9;4 151;0:9;4 123;0:9;4 1;0:9;4 4;0:9;4 180;0:9;5 99;0:9;5 426;0:9;4 504;0:9;4 395;0:9;4 308;0:9;4 181;0:9;4 63;0:9;4 94;0:9;4
0,14,4,7;0:14;4 67;0:14;4 143;0:14;4 88;0:14;4 113;0:14;4 151;0:14;4 123;0:14;4 1;0:14;4 6;0:14;5 185;0:14;4 4;0:14;5 101;0:14;4 306;0:14;4 308;0:14;4 433;0:14;4 107;0:14;4 110;0:14;4 94;0:14;4
0,15,3,7;0:15;4 310;0:15;4 67;0:15;4 189;0:15;4 318;0:15;4 151;0:15;4 409;0:15;4 1;0:15;4 185;0:15;5 4;0:15;4 101;0:15;4 395;0:15;4 115;0:15;5 308;0:15;4 399;0:15;4 110;0:15;4 94;0:15;4
0,17,4,5;0:17;4 67;0:17;4 113;0:17;4 189;0:17;4 318;0:17;4 151;0:17;4 409;0:17;4 6;0:17;4 4;0:17;4 101;0:17;4 84;0:17;4 395;0:17;4 306;0:17;4 308;0:17;5 181;0:17;4 399;0:17;4 94;0:17;4
0,21,4,
0,24,4,
0,25,2,
0,26,3,5;0:26;4 7;0:26;4 88;0:26;4 189;0:26;4 318;0:26;4 191;0:26;4 4;0:26;5 465;0:26;4 101;0:26;4 504;0:26;4 115;0:26;5 308;0:26;4 488;0:26;4 122;0:26;4 399;0:26;4 107;0:26;4
0,27,4,
0,28,3,5;0:28;4 235;0:28;4 7;0:28;4 67;0:28;4 9;0:28;4 318;0:28;4 191;0:28;4 151;0:28;4 1;0:28;4 4;0:28;4 465;0:28;4 101;0:28;4 115;0:28;5 488;0:28;4 181;0:28;4 122;0:28;4 314;0:28;4 412;0:28;4 110;0:28;4
0,32,4,
0,33,3,
0,35,4,
0,36,5,
0,40,4,7;0:40;4 9;0:40;3 191;0:40;4 311;0:40;4 151;0:40;4 4;0:40;4 469;0:40;4 504;0:40;4 84;0:40;4 308;0:40;4 399;0:40;4 396;0:40;4 466;0:40;4 279;0:40;4 110;0:40;4 276;0:40;4
0,42,3,
0,45,3,
0,46,5,
0,48,5,
0,50,4,
0,52,4,
0,54,4,5;0:54;4 7;0:54;4 9;0:54;4 318;0:54;4 151;0:54;4 123;0:54;4 6;0:54;4 4;0:54;4 469;0:54;4 115;0:54;4 306;0:54;4 308;0:54;4 122;0:54;4 319;0:54;4 136;0:54;4 276;0:54;4
0,55,3,
0,59,3,
0,60,5,
0,62,4,
0,63,3,
0,64,4,7;0:64;4 129;0:64;4 9;0:64;4 318;0:64;4 398;0:64;4 151;0:64;4 123;0:64;4 4;0:64;4 397;0:64;4 469;0:64;4 504;0:64;4 308;0:64;4 122;0:64;4 58;0:64;4 136;0:64;4 412;0:64;4 110;0:64;4
0,65,3,9;0:65;4 318;0:65;4 398;0:65;4 151;0:65;4 123;0:65;4 1;0:65;4 6;0:65;4 4;0:65;4 397;0:65;4 469;0:65;4 504;0:65;4 115;0:65;5 308;0:65;4 279;0:65;4 136;0:65;4 412;0:65;5 110;0:65;4
0,71,4,
0,72,3,
0,73,5,310;0:73;4 143;0:73;4 9;0:73;4 318;0:73;4 151;0:73;4 6;0:73;4 4;0:73;4 465;0:73;4 469;0:73;4 504;0:73;4 115;0:73;5 306;0:73;4 308;0:73;4 122;0:73;4 319;0:73;4 136;0:73;4 110;0:73;4 276;0:73;4
0,75,3,432;0:75;4 143;0:75;4 9;0:75;4 318;0:75;4 151;0:75;4 409;0:75;4 123;0:75;4 2;0:75;4 4;0:75;4 465;0:75;4 504;0:75;4 115;0:75;4 228;0:75;4 308;0:75;4 122;0:75;4 319;0:75;4
0,76,5,
0,77,3,
0,78,3,5;0:78;4 310;0:78;4 143;0:78;4 9;0:78;4 318;0:78;4 151;0:78;4 123;0:78;4 6;0:78;4 2;0:78;4 4;0:78;4 504;0:78;4 84;0:78;4 115;0:78;4 308;0:78;4 122;0:78;4 319;0:78;4 136;0:78;4 190;0:78;4
0,79,3,
0,81,2,
0,82,4,
0,86,4,
0,89,4,
0,90,3,432;0:90;4 235;0:90;4 9;0:90;4 318;0:90;4 151;0:90;4 409;0:90;4 6;0:90;4 2;0:90;4 89;0:90;4 504;0:90;4 115;0:90;4 308;0:90;4 508;0:90;4 319;0:90;5 279;0:90;4 136;0:90;4
0,94,3,143;0:94;4 9;0:94;4 318;0:94;4 151;0:94;4 409;0:94;4 123;0:94;4 6;0:94;4 2;0:94;4 504;0:94;4 395;0:94;4 115;0:94;4 306;0:94;4 308;0:94;4 122;0:94;4 319;0:94;4 136;0:94;4
0,98,4,
0,99,5,
0,100,4,
0,101,2,
0,103,3,
0,106,4,
0,111,4,
0,112,4,235;0:112;4 7;0:112;4 143;0:112;4 9;0:112;4 151;0:112;4 409;0:112;4 6;0:112;4 2;0:112;4 395;0:112;4 308;0:112;4 141;0:112;4 319;0:112;4 500;0:112;4 11;0:112;4 136;0:112;4 276;0:112;4
0,113,3,
0,119,3,
0,120,4,
0,121,4,
0,122,2,
0,128,4,432;0:128;4 129;0:128;4 60;0:128;4 9;0:128;4 151;0:128;4 409;0:128;4 6;0:128;4 293;0:128;4 2;0:128;4 4;0:128;4 84;0:128;4 395;0:128;4 308;0:128;4 500;0:128;4 136;0:128;4 278;0:128;4 190;0:128;4
0,131,4,
0,132,3,7;0:132;4 9;0:132;4 151;0:132;4 409;0:132;4 123;0:132;4 144;0:132;4 6;0:132;4 2;0:132;4 4;0:132;4 84;0:132;4 395;0:132;4 306;0:132;4 308;0:132;4 500;0:132;4 11;0:132;4 136;0:132;4 276;0:132;4
0,133,3,
0,137,4,
0,138,4,
0,142,4,
0,143,3,
0,144,5,
0,145,4,
0,146,4,
0,149,3,
0,151,5,
0,156,5,
0,159,3,
0,163,3,
0,165,4,
0,167,4,
0,174,5,
1,178,5,
1,179,4,
1,99,4,
1,181,4,
1,65,5,289;1:65;4 5;1:65;4 235;1:65;4 7;1:65;4 310;1:65;4 67;1:65;4 143;1:65;4 88;1:65;4 113;1:65;4 9;1:65;4 191;1:65;4 290;1:65;4 409;1:65;4 185;1:65;4 0;1:65;4 2;1:65;4 465;1:65;4 97;1:65;4 180;1:65;4 101;1:65;4 84;1:65;4 306;1:65;4 308;1:65;4 107;1:65;5 179;1:65;4 82;1:65;4
1,182,4,
1,184,3,
1,186,4,
1,187,5,
1,89,5,
1,100,5,
1,188,3,
1,79,5,
1,113,4,
1,190,5,
1,191,5,
1,194,3,
1,196,5,
1,198,3,
1,200,5,
1,209,5,
1,211,4,
1,213,5,
1,215,4,
1,216,5,
1,156,5,
1,220,5,
1,228,5,
1,232,4,
1,239,3,
2,245,5,289;2:245;4 5;2:245;4 67;2:245;4 143;2:245;4 88;2:245;4 113;2:245;4 9;2:245;4 8;2:245;4 97;2:245;4 180;2:245;4 426;2:245;4 504;2:245;4 497;2:245;4 228;2:245;4 96;2:245;4 63;2:245;4 95;2:245;4 464;2:245;4
2,249,4,
2,33,3,
2,40,3,
2,250,4,
2,251,5,
2,253,4,
2,32,5,
2,255,5,
2,256,3,
2,257,3,
2,90,5,
2,258,2,
2,259,3,
2,260,5,143;2:260;4 60;2:260;4 9;2:260;4 318;2:260;4 151;2:260;4 409;2:260;4 123;2:260;4 6;2:260;4 0;2:260;4 504;2:260;4 84;2:260;4 115;2:260;4 58;2:260;4 319;2:260;4 500;2:260;4 11;2:260;4 279;2:260;4 136;2:260;4
2,261,4,
2,263,4,
2,77,4,
2,265,4,
2,26,5,
2,266,4,
2,54,4,
2,268,5,
2,270,4,
2,271,5,
2,272,3,
2,275,4,
2,277,2,
2,279,3,432;2:279;4 5;2:279;4 129;2:279;4 9;2:279;4 151;2:279;4 409;2:279;4 123;2:279;4 144;2:279;4 6;2:279;4 0;2:279;4 293;2:279;4 4;2:279;4 504;2:279;4 306;2:279;4 308;2:279;4 500;2:279;4
2,280,3,
2,282,4,432;2:282;4 5;2:282;4 7;2:282;4 60;2:282;4 9;2:282;4 151;2:282;4 123;2:282;4 6;2:282;4 0;2:282;4 293;2:282;4 4;2:282;4 504;2:282;4 497;2:282;4 308;2:282;4 320;2:282;4 500;2:282;4 278;2:282;4
2,285,5,432;2:285;4 60;2:285;4 9;2:285;4 151;2:285;4 409;2:285;4 123;2:285;4 6;2:285;4 4;2:285;4 89;2:285;4 504;2:285;4 395;2:285;4 306;2:285;4 308;2:285;4 320;2:285;4 500;2:285;4 279;2:285;4 136;2:285;4
2,286,4,7;2:286;4 60;2:286;4 9;2:286;4 318;2:286;4 151;2:286;4 123;2:286;4 144;2:286;4 0;2:286;4 4;2:286;4 504;2:286;4 497;2:286;4 306;2:286;4 308;2:286;4 58;2:286;4 500;2:286;4 11;2:286;4
2,60,4,
2,78,3,
2,94,4,
2,63,4,
2,100,5,432;2:100;4 143;2:100;4 129;2:100;4 60;2:100;4 9;2:100;4 151;2:100;4 8;2:100;4 144;2:100;4 1;2:100;4 6;2:100;4 4;2:100;4 504;2:100;4 84;2:100;4 395;2:100;4 308;2:100;4 500;2:100;4 276;2:100;4
2,287,4,
2,289,4,
2,292,4,
2,293,4,
2,72,5,
2,295,3,
2,296,4,
2,142,1,
2,300,4,
2,301,4,
2,132,4,
2,302,5,
2,2,4,
2,188,1,
2,179,4,
2,308,3,
2,71,4,
2,314,5,
2,315,4,
2,318,4,
2,319,1,
2,323,4,
4,275,4,5;4:275;4 235;4:275;4 67;4:275;4 113;4:275;4 129;4:275;4 189;4:275;4 69;4:275;4 151;4:275;4 8;4:275;4 409;4:275;4 465;4:275;4 97;4:275;4 497;4:275;4 308;4:275;4 488;4:275;4 433;4:275;4 132;4:275;4 288;4:275;4
4,375,3,5;4:375;4 67;4:375;3 113;4:375;4 69;4:375;4 8;4:375;4 465;4:375;4 180;4:375;4 99;4:375;4 101;4:375;4 497;4:375;4 395;4:375;4 115;4:375;4 308;4:375;4 288;4:375;4 94;4:375;4 464;4:375;4
4,376,3,5;4:376;4 7;4:376;4 310;4:376;4 67;4:376;3 143;4:376;4 113;4:376;4 129;4:376;4 189;4:376;3 191;4:376;4 290;4:376;4 409;4:376;3 185;4:376;3 0;4:376;4 2;4:376;4 465;4:376;4 99;4:376;4 101;4:376;4 395;4:376;4 308;4:376;4 122;4:376;4 73;4:376;4 179;4:376;4 63;4:376;4 190;4:376;4 110;4:376;4 94;4:376;4
4,40,5,5;4:40;4 7;4:40;4 310;4:40;4 143;4:40;4 189;4:40;4 9;4:40;3 398;4:40;4 151;4:40;4 0;4:40;4 465;4:40;4 397;4:40;4 101;4:40;4 308;4:40;4 488;4:40;4 399;4:40;4 63;4:40;4 136;4:40;4 110;4:40;4
4,301,5,
4,377,3,432;4:377;4 5;4:377;4 310;4:377;4 129;4:377;4 60;4:377;4 9;4:377;3 151;4:377;4 144;4:377;4 6;4:377;4 2;4:377;4 84;4:377;3 395;4:377;4 308;4:377;4 320;4:377;3 384;4:377;3 500;4:377;3 136;4:377;4
4,287,2,
4,378,4,432;4:378;4 5;4:378;4 143;4:378;3 60;4:378;4 9;4:378;3 151;4:378;4 409;4:378;4 123;4:378;4 144;4:378;4 329;4:378;4 497;4:378;4 320;4:378;4 384;4:378;4 500;4:378;4 11;4:378;3 136;4:378;4
4,381,2,
4,261,4,
5,383,5,
5,353,5,
5,32,5,
5,386,5,
5,198,5,
5,388,5,
5,389,5,
5,390,3,
5,391,5,7;5:391;4 67;5:391;4 143;5:391;4 88;5:391;4 409;5:391;4 1;5:391;4 0;5:391;4 101;5:391;4 497;5:391;4 395;5:391;4 306;5:391;4 181;5:391;4 433;5:391;4 399;5:391;4 107;5:391;4 190;5:391;4 94;5:391;4
5,392,4,
5,393,5,
5,27,5,
5,35,5,
5,251,5,
5,394,4,
5,396,5,
5,397,4,
5,399,4,
5,151,5,
5,402,5,235;5:402;4 310;5:402;4 60;5:402;4 9;5:402;4 318;5:402;4 191;5:402;4 409;5:402;4 0;5:402;4 2;5:402;4 4;5:402;4 504;5:402;4 84;5:402;4 306;5:402;4 308;5:402;4 122;5:402;4 319;5:402;4
5,89,5,
5,403,5,
5,98,5,
5,260,5,
5,406,3,
5,99,5,
5,120,5,
5,191,5,
5,75,2,
5,146,5,7;5:146;4 129;5:146;4 9;5:146;3 8;5:146;4 409;5:146;4 123;5:146;4 144;5:146;4 6;5:146;4 0;5:146;4 2;5:146;4 4;5:146;4 84;5:146;4 308;5:146;4 473;5:146;4 500;5:146;4 136;5:146;4
5,407,5,7;5:407;4 129;5:407;4 60;5:407;4 9;5:407;4 123;5:407;4 144;5:407;4 6;5:407;4 0;5:407;4 2;5:407;4 4;5:407;4 84;5:407;4 395;5:407;4 308;5:407;4 384;5:407;4 500;5:407;4 136;5:407;4
5,408,5,
5,409,5,
5,410,5,
5,411,5,
5,412,4,
5,413,4,
5,211,5,
6,414,5,
6,9,5,289;6:9;4 5;6:9;4 7;6:9;4 67;6:9;4 191;6:9;4 442;6:9;4 8;6:9;4 1;6:9;4 185;6:9;3 0;6:9;4 97;6:9;4 99;6:9;4 101;6:9;4 504;6:9;4 84;6:9;3 308;6:9;4 179;6:9;4 82;6:9;4
6,149,5,
6,415,5,
6,416,5,
6,417,5,
6,42,5,
6,418,5,
6,419,5,
6,420,5,
6,77,5,432;6:77;4 235;6:77;4 7;6:77;4 60;6:77;4 9;6:77;4 318;6:77;5 8;6:77;4 123;6:77;4 144;6:77;4 0;6:77;4 293;6:77;4 2;6:77;4 395;6:77;4 306;6:77;5 308;6:77;4 500;6:77;4 278;6:77;5 190;6:77;4
6,94,5,
6,421,4,
6,422,5,5;6:422;4 235;6:422;4 7;6:422;4 60;6:422;4 9;6:422;4 318;6:422;4 123;6:422;4 293;6:422;4 2;6:422;4 4;6:422;4 497;6:422;4 84;6:422;4 395;6:422;4 306;6:422;4 308;6:422;4 132;6:422;4 279;6:422;4 278;6:422;4 276;6:422;4
6,423,5,
6,79,4,
6,424,5,
7,270,5,
7,178,5,
7,426,3,67;7:426;4 129;7:426;4 9;7:426;4 318;7:426;4 69;7:426;4 151;7:426;4 465;7:426;4 97;7:426;4 180;7:426;4 99;7:426;4 122;7:426;5 90;7:426;4 433;7:426;4 141;7:426;4 288;7:426;4 95;7:426;4
7,427,4,
7,413,4,
7,428,4,67;7:428;4 318;7:428;4 69;7:428;4 1;7:428;4 293;7:428;4 465;7:428;4 97;7:428;4 180;7:428;4 426;7:428;4 395;7:428;4 90;7:428;4 132;7:428;4 288;7:428;5 174;7:428;4 110;7:428;4 94;7:428;4
7,190,5,
7,263,3,
7,308,2,
7,431,4,
7,433,2,67;7:433;4 189;7:433;4 9;7:433;4 8;7:433;4 6;7:433;4 185;7:433;4 293;7:433;4 180;7:433;4 99;7:433;4 504;7:433;4 395;7:433;4 308;7:433;4 473;7:433;4 73;7:433;4 179;7:433;4 464;7:433;4
7,434,4,
7,435,4,
7,436,5,
7,391,5,
7,437,4,67;7:437;4 69;7:437;4 8;7:437;4 409;7:437;4 6;7:437;4 293;7:437;4 465;7:437;4 180;7:437;4 99;7:437;4 426;7:437;4 96;7:437;4 314;7:437;4 107;7:437;5 63;7:437;4 174;7:437;4 407;7:437;4
7,440,3,
7,441,3,67;7:441;4 9;7:441;4 69;7:441;4 290;7:441;4 8;7:441;4 6;7:441;4 293;7:441;4 4;7:441;4 180;7:441;4 504;7:441;4 395;7:441;4 96;7:441;4 433;7:441;4 132;7:441;5 73;7:441;4 95;7:441;4 94;7:441;4 407;7:441;4
7,442,3,
7,445,4,
7,447,5,235;7:447;4 67;7:447;4 189;7:447;4 8;7:447;4 6;7:447;5 2;7:447;4 4;7:447;4 465;7:447;4 97;7:447;4 180;7:447;4 99;7:447;4 504;7:447;4 497;7:447;4 96;7:447;4 433;7:447;4 473;7:447;4 110;7:447;4
7,450,5,
7,187,5,
7,453,5,
7,455,5,5;7:455;4 67;7:455;4 88;7:455;4 191;7:455;4 69;7:455;4 8;7:455;4 0;7:455;4 4;7:455;4 180;7:455;4 99;7:455;4 101;7:455;4 504;7:455;4 497;7:455;4 96;7:455;4 433;7:455;4 132;7:455;4 73;7:455;4
7,456,5,
7,14,5,
7,458,3,
7,459,4,
7,460,3,
7,414,3,
7,462,5,
7,463,4,
7,465,4,289;7:465;4 67;7:465;4 69;7:465;4 8;7:465;4 4;7:465;4 465;7:465;4 180;7:465;4 101;7:465;4 504;7:465;4 497;7:465;4 96;7:465;4 141;7:465;4 132;7:465;5 63;7:465;4 110;7:465;4 407;7:465;4
7,466,3,5;7:466;4 235;7:466;4 67;7:466;4 69;7:466;4 290;7:466;4 398;7:466;4 8;7:466;4 4;7:466;5 180;7:466;4 99;7:466;4 101;7:466;4 504;7:466;4 96;7:466;4 308;7:466;4 141;7:466;4 132;7:466;5 288;7:466;4 190;7:466;4 110;7:466;4
7,467,4,
7,468,4,
7,469,3,
7,46,3,
7,471,4,
7,472,4,
7,475,4,
7,410,3,
7,28,4,
7,484,4,
7,487,4,
7,488,5,
7,489,5,
7,490,3,
7,77,4,
7,275,4,
7,492,4,67;7:492;4 113;7:492;4 9;7:492;4 1;7:492;4 6;7:492;4 465;7:492;4 97;7:492;4 180;7:492;4 101;7:492;4 504;7:492;4 84;7:492;4 395;7:492;4 122;7:492;5 98;7:492;4 73;7:492;4 63;7:492;4 110;7:492;4
7,493,5,67;7:493;4 88;7:493;4 113;7:493;4 129;7:493;4 9;7:493;4 191;7:493;4 410;7:493;4 1;7:493;4 465;7:493;4 97;7:493;4 180;7:493;4 99;7:493;4 101;7:493;4 504;7:493;4 84;7:493;4 179;7:493;4 63;7:493;4 94;7:493;4
7,494,4,289;7:494;4 67;7:494;4 189;7:494;4 191;7:494;4 1;7:494;4 6;7:494;4 97;7:494;4 180;7:494;4 99;7:494;4 101;7:494;4 504;7:494;4 84;7:494;4 395;7:494;4 73;7:494;4 179;7:494;4 110;7:494;4
7,258,4,
7,101,2,67;7:101;4 113;7:101;4 191;7:101;4 290;7:101;4 1;7:101;4 0;7:101;4 97;7:101;4 180;7:101;4 99;7:101;4 101;7:101;4 504;7:101;4 84;7:101;4 103;7:101;4 98;7:101;4 63;7:101;4 82;7:101;4
7,496,2,
7,99,5,
7,499,3,
7,500,3,
7,501,4,
7,376,4,
7,503,2,67;7:503;4 143;7:503;4 88;7:503;4 113;7:503;4 191;7:503;4 151;7:503;4 410;7:503;4 0;7:503;4 465;7:503;4 180;7:503;4 99;7:503;4 101;7:503;4 395;7:503;4 73;7:503;4 179;7:503;4 94;7:503;4
7,505,4,
7,314,2,
7,507,3,
7,508,4,
7,388,5,
7,509,3,
7,510,3,
7,511,5,
7,512,4,
7,513,4,
7,516,5,
7,517,3,
7,194,3,
7,521,4,
7,103,5,67;7:103;4 191;7:103;4 151;7:103;4 185;7:103;4 0;7:103;4 469;7:103;4 99;7:103;4 101;7:103;4 426;7:103;4 504;7:103;4 395;7:103;4 308;7:103;4 122;7:103;5 433;7:103;4 399;7:103;4 98;7:103;4 73;7:103;4 459;7:103;4
7,524,3,
7,36,5,
7,59,3,
7,526,4,
7,527,4,
7,528,5,
7,529,4,
7,530,3,
7,531,5,
7,392,4,
7,532,4,
7,353,5,
7,533,4,
7,268,3,
7,534,5,
7,390,3,
7,271,3,
7,539,4,
7,540,1,
7,98,4,310;7:98;4 67;7:98;4 88;7:98;4 113;7:98;4 151;7:98;4 6;7:98;4 0;7:98;4 4;7:98;4 469;7:98;4 101;7:98;4 504;7:98;4 122;7:98;4 399;7:98;4 73;7:98;4 190;7:98;4 110;7:98;4 94;7:98;4
7,543,4,
7,546,2,
7,86,2,
7,6,5,
7,35,5,
7,547,3,
7,549,4,
7,550,3,
7,551,4,
7,198,4,
7,27,3,
7,556,4,
7,560,4,
7,561,4,
7,562,5,
7,79,5,
7,196,5,
7,209,4,
7,564,4,
7,272,3,
7,565,4,
7,216,4,
7,566,3,
7,396,3,
7,17,4,
7,40,4,
7,32,5,
7,255,5,
7,571,4,
7,572,1,
7,415,5,
7,574,4,
7,181,4,
7,50,5,
7,200,4,
7,52,5,
7,393,5,67;7:393;4 9;7:393;3 318;7:393;4 151;7:393;4 409;7:393;4 6;7:393;4 0;7:393;4 293;7:393;4 4;7:393;4 469;7:393;4 101;7:393;4 308;7:393;4 181;7:393;4 122;7:393;4 399;7:393;4 466;7:393;4
7,417,4,
7,64,4,
7,581,4,5;7:581;4 67;7:581;4 143;7:581;4 113;7:581;4 9;7:581;3 318;7:581;4 191;7:581;4 151;7:581;4 6;7:581;4 4;7:581;4 469;7:581;4 101;7:581;4 122;7:581;4 396;7:581;4 190;7:581;4 110;7:581;4
7,585,4,
7,251,4,
7,75,4,
7,589,4,5;7:589;4 310;7:589;4 67;7:589;4 9;7:589;3 318;7:589;4 191;7:589;4 398;7:589;4 151;7:589;4 123;7:589;4 6;7:589;4 0;7:589;4 2;7:589;4 4;7:589;4 469;7:589;4 101;7:589;4 181;7:589;4
7,590,4,235;7:590;4 310;7:590;4 9;7:590;4 318;7:590;4 191;7:590;4 151;7:590;4 409;7:590;4 6;7:590;4 4;7:590;4 469;7:590;4 504;7:590;4 181;7:590;4 122;7:590;4 396;7:590;4 466;7:590;4 278;7:590;4
7,591,4,
7,592,5,67;7:592;4 143;7:592;4 113;7:592;5 9;7:592;3 318;7:592;4 191;7:592;4 398;7:592;4 151;7:592;4 469;7:592;5 101;7:592;4 504;7:592;4 181;7:592;4 122;7:592;4 396;7:592;4 466;7:592;4 468;7:592;4
7,598,5,
7,599,4,
7,600,1,
7,81,1,
7,15,4,
7,604,3,
7,48,5,235;7:48;4 9;7:48;3 191;7:48;4 151;7:48;4 123;7:48;4 6;7:48;4 0;7:48;4 4;7:48;4 465;7:48;4 504;7:48;4 399;7:48;4 396;7:48;4 466;7:48;4 103;7:48;4 472;7:48;4 110;7:48;4
7,42,4,
7,605,4,
7,82,4,
7,253,3,
7,420,4,
7,607,4,
7,609,3,
7,7,4,
7,256,3,
7,409,4,
7,422,3,
7,613,5,
7,55,4,
7,614,4,
7,26,3,9;7:26;4 398;7:26;4 0;7:26;4 4;7:26;4 397;7:26;4 469;7:26;4 504;7:26;4 115;7:26;4 306;7:26;4 122;7:26;4 396;7:26;4 314;7:26;4 103;7:26;4 472;7:26;4 483;7:26;4 110;7:26;4
7,617,3,
7,330,4,
7,619,4,
7,90,3,
7,60,4,
7,54,4,
7,394,4,
7,421,5,
7,165,5,5;7:165;4 9;7:165;3 318;7:165;4 191;7:165;4 311;7:165;4 398;7:165;5 409;7:165;4 123;7:165;4 0;7:165;4 4;7:165;4 397;7:165;4 469;7:165;5 504;7:165;4 84;7:165;4 308;7:165;4 122;7:165;4 136;7:165;4 110;7:165;4
7,622,4,
7,383,5,
7,144,5,
7,624,4,
7,260,5,
7,21,4,
7,625,4,
7,78,5,
7,626,3,
7,627,5,
7,399,4,
7,285,5,
7,629,3,
7,630,3,
7,167,5,
7,389,5,
7,631,5,
7,632,5,
7,633,4,
7,402,4,
7,89,5,
7,45,4,
7,296,4,
7,279,4,
7,94,5,
7,636,4,
7,111,4,
7,637,5,
7,377,4,
7,419,2,
7,641,4,
7,642,4,
7,122,5,
7,643,4,
7,120,5,432;7:120;4 235;7:120;3 143;7:120;3 9;7:120;3 123;7:120;4 144;7:120;3 6;7:120;4 0;7:120;4 293;7:120;4 2;7:120;4 4;7:120;4 329;7:120;3 504;7:120;4 395;7:120;4 500;7:120;4 279;7:120;4 278;7:120;4
7,644,3,
7,403,5,
7,412,5,
7,138,5,
7,649,2,
7,650,5,
8,82,3,
8,456,5,
8,14,5,
8,442,1,
8,508,3,
8,656,4,
8,657,1,
8,32,4,5;8:32;4 235;8:32;4 67;8:32;4 143;8:32;4 113;8:32;4 189;8:32;4 69;8:32;4 6;8:32;5 293;8:32;4 4;8:32;4 465;8:32;4 180;8:32;4 99;8:32;4 96;8:32;4 308;8:32;4 132;8:32;5 107;8:32;4 190;8:32;4
8,659,4,
8,257,3,
8,392,4,
8,427,1,289;8:427;4 5;8:427;4 235;8:427;4 67;8:427;4 88;8:427;4 189;8:427;4 9;8:427;4 69;8:427;4 2;8:427;4 180;8:427;4 99;8:427;4 426;8:427;4 84;8:427;4 96;8:427;4 308;8:427;4 433;8:427;4 107;8:427;4 63;8:427;4 178;8:427;4
8,475,4,
8,453,3,
8,435,2,
8,458,3,
8,434,4,
8,64,5,
8,187,2,
8,27,1,
8,574,4,5;8:574;4 7;8:574;4 67;8:574;4 143;8:574;4 189;8:574;4 69;8:574;4 290;8:574;4 465;8:574;4 180;8:574;4 99;8:574;4 497;8:574;4 308;8:574;4 433;8:574;4 288;8:574;4 190;8:574;4 110;8:574;4 95;8:574;4 464;8:574;4 407;8:574;4
8,45,3,
8,54,5,
8,660,2,
8,100,4,
8,571,5,
8,524,4,
8,59,3,
8,472,3,
8,417,3,
8,521,5,
8,445,5,
8,662,4,
8,484,4,
8,463,4,
8,465,5,
8,426,4,
8,663,3,
8,462,3,
8,450,2,
8,422,3,
8,539,4,
8,510,3,
8,665,4,
8,666,3,
8,649,1,
8,271,5,
8,415,4,
8,517,3,
8,42,4,
8,378,5,
8,259,3,
8,90,5,
8,253,5,
8,275,4,
8,266,5,
8,530,3,
8,419,3,
8,546,1,
8,675,4,
8,289,5,
8,295,3,
8,121,5,
8,676,1,
8,677,5,
8,138,4,
8,144,5,
8,680,5,
8,492,5,
8,146,4,
8,633,4,
8,683,4,
8,394,5,
8,684,1,
8,471,2,
8,605,4,
8,632,5,
8,686,5,
8,590,4,
8,687,4,
8,412,5,
8,330,4,
8,314,1,
8,167,5,
8,194,5,
8,75,4,
8,598,5,
8,220,2,
8,261,5,
8,505,3,
8,137,5,
8,112,4,
8,86,1,
8,186,4,
8,715,3,
9,730,4,235;9:730;4 67;9:730;5 143;9:730;4 88;9:730;4 129;9:730;4 69;9:730;4 293;9:730;4 4;9:730;4 97;9:730;4 180;9:730;4 99;9:730;4 426;9:730;4 497;9:730;4 488;9:730;4 98;9:730;4 63;9:730;4 472;9:730;4
9,731,2,235;9:731;4 67;9:731;5 143;9:731;4 129;9:731;4 1;9:731;4 4;9:731;4 180;9:731;4 99;9:731;4 101;9:731;4 497;9:731;4 395;9:731;4 90;9:731;4 433;9:731;4 288;9:731;4 178;9:731;5 95;9:731;4 94;9:731;4
9,146,4,
9,0,5,235;9:0;5 67;9:0;4 143;9:0;5 129;9:0;5 69;9:0;4 151;9:0;4 409;9:0;4 185;9:0;5 4;9:0;4 97;9:0;5 180;9:0;4 99;9:0;5 101;9:0;4 426;9:0;4 395;9:0;4 308;9:0;5 90;9:0;4 141;9:0;4 288;9:0;5 174;9:0;5 110;9:0;4
9,459,2,7;9:459;4 67;9:459;5 143;9:459;5 129;9:459;4 189;9:459;4 69;9:459;4 8;9:459;4 409;9:459;4 1;9:459;4 293;9:459;4 4;9:459;4 465;9:459;4 97;9:459;4 180;9:459;5 101;9:459;4 426;9:459;4 504;9:459;4 395;9:459;4 308;9:459;4 90;9:459;4 433;9:459;4 132;9:459;4 63;9:459;5 288;9:459;4 110;9:459;4
9,467,2,235;9:467;5 7;9:467;4 67;9:467;4 143;9:467;5 88;9:467;4 129;9:467;4 189;9:467;5 318;9:467;4 8;9:467;4 6;9:467;5 185;9:467;5 293;9:467;4 4;9:467;4 97;9:467;4 180;9:467;5 99;9:467;4 101;9:467;4 426;9:467;4 504;9:467;4 308;9:467;4 90;9:467;4 433;9:467;4 132;9:467;4 73;9:467;4 63;9:467;4 288;9:467;4 110;9:467;4 178;9:467;4 94;9:467;4
9,732,4,235;9:732;4 310;9:732;5 67;9:732;4 143;9:732;5 88;9:732;4 129;9:732;5 189;9:732;5 8;9:732;4 6;9:732;5 293;9:732;5 465;9:732;5 180;9:732;5 99;9:732;5 101;9:732;4 497;9:732;5 308;9:732;5 90;9:732;5 433;9:732;5 174;9:732;4 190;9:732;5 463;9:732;5 94;9:732;5
9,258,3,67;9:258;4 143;9:258;4 129;9:258;4 189;9:258;4 69;9:258;4 8;9:258;4 6;9:258;5 185;9:258;4 293;9:258;4 4;9:258;4 465;9:258;4 180;9:258;5 101;9:258;3 504;9:258;4 308;9:258;4 90;9:258;4 433;9:258;4 132;9:258;4 314;9:258;4 107;9:258;4 73;9:258;4 63;9:258;4 174;9:258;4 82;9:258;5
9,733,3,235;9:733;4 67;9:733;4 143;9:733;4 129;9:733;4 189;9:733;4 69;9:733;5 8;9:733;4 97;9:733;4 180;9:733;5 99;9:733;4 101;9:733;4 504;9:733;4 308;9:733;5 122;9:733;5 90;9:733;4 433;9:733;4 132;9:733;5 107;9:733;4 63;9:733;4 178;9:733;4
9,32,5,235;9:32;4 67;9:32;5 143;9:32;4 129;9:32;4 189;9:32;5 69;9:32;4 151;9:32;4 8;9:32;4 409;9:32;4 6;9:32;5 185;9:32;5 293;9:32;4 2;9:32;4 4;9:32;4 180;9:32;5 99;9:32;4 101;9:32;4 504;9:32;4 497;9:32;4 115;9:32;4 308;9:32;4 90;9:32;4 433;9:32;4 132;9:32;5 63;9:32;4 463;9:32;4 178;9:32;5
9,734,2,235;9:734;4 67;9:734;4 143;9:734;4 129;9:734;4 191;9:734;4 69;9:734;4 290;9:734;4 151;9:734;4 1;9:734;4 185;9:734;5 465;9:734;4 504;9:734;4 181;9:734;4 122;9:734;4 399;9:734;4 314;9:734;4 94;9:734;4
9,458,2,
9,388,4,
9,547,2,
9,487,1,
9,605,4,
9,292,5,5;9:292;4 235;9:292;4 310;9:292;5 143;9:292;5 318;9:292;4 191;9:292;4 311;9:292;4 398;9:292;5 151;9:292;4 1;9:292;4 2;9:292;4 4;9:292;5 115;9:292;4 306;9:292;5 228;9:292;4 483;9:292;4
9,220,3,
9,287,3,432;9:287;4 7;9:287;4 310;9:287;4 143;9:287;4 129;9:287;4 151;9:287;4 8;9:287;4 409;9:287;4 123;9:287;4 144;9:287;4 6;9:287;4 0;9:287;4 2;9:287;4 4;9:287;4 497;9:287;4 84;9:287;4 395;9:287;4 115;9:287;4 308;9:287;4 132;9:287;5 500;9:287;4 11;9:287;4 63;9:287;4 278;9:287;4 276;9:287;4
9,289,5,432;9:289;4 235;9:289;4 7;9:289;5 143;9:289;4 129;9:289;4 191;9:289;4 151;9:289;4 8;9:289;4 409;9:289;4 123;9:289;4 144;9:289;4 0;9:289;4 2;9:289;4 4;9:289;4 308;9:289;4 63;9:289;4 276;9:289;5
9,377,4,
9,737,3,
9,394,4,
9,739,4,
9,381,5,
9,746,3,
11,487,4,5;11:487;4 235;11:487;4 7;11:487;4 67;11:487;4 143;11:487;4 129;11:487;4 189;11:487;4 9;11:487;4 290;11:487;4 151;11:487;4 185;11:487;4 469;11:487;4 504;11:487;4 181;11:487;4 433;11:487;4 100;11:487;4 98;11:487;4
11,455,3,
11,388,4,
11,759,5,
11,128,4,
11,762,3,
11,119,4,
11,764,4,
11,503,4,
11,766,4,
58,440,5,
58,437,5,5;58:437;4 7;58:437;4 67;58:437;4 69;58:437;4 290;58:437;5 8;58:437;4 1;58:437;5 185;58:437;5 0;58:437;4 97;58:437;5 99;58:437;4 101;58:437;4 329;58:437;4 504;58:437;4 395;58:437;5 141;58:437;5 103;58:437;4 179;58:437;5 110;58:437;5
58,993,5,5;58:993;5 7;58:993;4 67;58:993;5 9;58:993;4 69;58:993;4 1;58:993;4 185;58:993;4 0;58:993;4 397;58:993;5 469;58:993;5 101;58:993;4 497;58:993;4 395;58:993;5 115;58:993;4 122;58:993;5 399;58:993;5 103;58:993;4
58,187,5,
58,527,5,5;58:527;4 7;58:527;4 310;58:527;4 9;58:527;4 398;58:527;4 6;58:527;4 0;58:527;4 2;58:527;4 4;58:527;4 465;58:527;4 397;58:527;4 469;58:527;4 504;58:527;4 395;58:527;4 115;58:527;5 306;58:527;4 319;58:527;4 279;58:527;4 483;58:527;5
58,260,5,7;58:260;4 60;58:260;3 9;58:260;4 69;58:260;4 398;58:260;4 151;58:260;4 123;58:260;4 2;58:260;4 4;58:260;4 465;58:260;4 504;58:260;4 395;58:260;4 115;58:260;5 306;58:260;4 228;58:260;4 308;58:260;4 319;58:260;4
58,381,5,432;58:381;4 5;58:381;4 9;58:381;3 69;58:381;4 151;58:381;4 144;58:381;3 6;58:381;4 0;58:381;4 2;58:381;4 504;58:381;4 395;58:381;4 115;58:381;4 306;58:381;4 228;58:381;4 308;58:381;4 320;58:381;4 110;58:381;4
58,286,5,
60,253,1,
60,256,2,5;60:256;4 7;60:256;4 310;60:256;4 143;60:256;4 9;60:256;4 318;60:256;4 398;60:256;4 123;60:256;4 0;60:256;4 2;60:256;4 4;60:256;4 84;60:256;4 115;60:256;5 306;60:256;4 308;60:256;4 111;60:256;4 508;60:256;4 319;60:256;4 190;60:256;4 483;60:256;4 110;60:256;4
60,90,5,5;60:90;4 143;60:90;5 9;60:90;4 318;60:90;4 398;60:90;4 409;60:90;4 123;60:90;4 0;60:90;4 2;60:90;4 504;60:90;4 115;60:90;4 306;60:90;4 308;60:90;4 508;60:90;5 141;60:90;4 319;60:90;5 500;60:90;4 483;60:90;4
60,420,4,
60,21,4,
60,665,4,
60,286,2,432;60:286;4 5;60:286;4 9;60:286;4 318;60:286;4 151;60:286;4 123;60:286;4 6;60:286;4 2;60:286;4 4;60:286;4 395;60:286;4 308;60:286;4 111;60:286;4 320;60:286;4 58;60:286;2 500;60:286;4 136;60:286;4 276;60:286;4
60,561,3,
60,377,5,
60,381,4,
60,631,2,
60,1002,5,
60,746,3,
60,505,2,
60,191,5,
60,424,2,
60,772,4,
63,490,5,
63,1010,3,
63,733,3,5;63:733;4 235;63:733;4 67;63:733;4 129;63:733;4 189;63:733;5 9;63:733;4 69;63:733;4 8;63:733;4 6;63:733;5 293;63:733;4 4;63:733;4 180;63:733;5 101;63:733;5 426;63:733;4 504;63:733;4 96;63:733;5 90;63:733;4 433;63:733;4 58;63:733;5
63,465,4,289;63:465;5 5;63:465;4 67;63:465;4 88;63:465;4 129;63:465;4 189;63:465;4 69;63:465;4 8;63:465;4 409;63:465;4 180;63:465;4 99;63:465;4 101;63:465;5 426;63:465;4 504;63:465;4 115;63:465;4 96;63:465;4 488;63:465;4 122;63:465;4 110;63:465;4
63,62,4,289;63:62;5 5;63:62;4 235;63:62;4 67;63:62;4 88;63:62;4 129;63:62;4 189;63:62;4 9;63:62;0 69;63:62;4 290;63:62;4 409;63:62;3 99;63:62;4 101;63:62;4 426;63:62;4 329;63:62;4 100;63:62;4 132;63:62;4 73;63:62;4 178;63:62;4
63,1013,3,
63,456,5,
63,604,3,5;63:604;4 7;63:604;4 67;63:604;4 129;63:604;4 189;63:604;4 69;63:604;4 290;63:604;4 8;63:604;4 185;63:604;4 4;63:604;4 180;63:604;4 101;63:604;4 426;63:604;4 329;63:604;4 395;63:604;4 96;63:604;4 288;63:604;4
67,500,3,
67,604,3,
67,524,4,
67,469,2,
67,759,4,
67,249,3,
67,416,4,
67,63,3,
67,7,3,
67,428,3,
67,660,3,
67,460,3,
67,250,4,
67,378,4,
67,683,4,
67,144,2,
67,315,3,
67,571,3,
67,187,3,
67,36,3,
67,258,3,
67,1031,3,
67,1019,3,
67,676,4,
67,302,4,
67,513,2,
67,622,4,
67,528,3,
67,375,3,
67,1036,4,
67,119,4,
67,521,4,
67,600,4,
67,143,4,
67,253,3,
67,46,3,
67,394,4,
67,626,4,
67,533,3,
67,556,4,
67,737,4,
67,605,3,
67,739,4,
67,40,2,
67,1037,3,
67,509,4,
67,292,1,
67,636,3,
67,62,4,
67,388,4,
67,534,2,
67,531,2,
67,257,2,
67,282,4,
67,540,4,
67,21,4,
67,179,3,
67,413,4,
67,659,3,
67,561,4,
67,445,3,
67,1041,3,
67,496,3,
67,637,4,
67,511,4,
67,94,4,
67,293,4,
67,547,2,
67,471,3,
67,762,4,
67,1043,3,
67,1013,4,
67,0,4,
67,255,4,
67,1044,4,
67,59,1,
67,28,3,
67,402,3,
67,764,3,
67,732,4,
67,32,4,
67,391,3,
67,301,2,
67,260,4,
67,277,4,
67,419,4,
67,54,4,
67,90,4,
67,26,3,
67,77,4,
67,625,4,
67,617,4,
67,271,4,
67,60,4,
67,318,3,
67,270,4,
67,642,3,
67,550,4,
67,437,4,
67,456,4,
67,14,4,
67,468,3,
67,78,3,
67,383,4,
67,433,2,
67,99,2,
67,132,2,
67,377,4,
67,82,4,
67,142,4,
67,72,3,
67,174,5,
67,289,4,
67,120,2,
67,581,4,
67,133,4,
67,684,4,
67,406,4,
67,138,4,
67,1050,5,
67,993,3,
67,128,3,
67,376,4,
67,182,3,
67,585,4,
67,24,4,
67,677,4,
67,631,3,
67,1002,4,
67,121,5,
67,300,4,
67,680,3,
67,487,4,
67,632,3,
67,484,4,
67,649,2,
67,1052,4,
67,146,3,
67,686,4,
67,323,4,
67,256,4,
67,48,4,
67,42,4,
67,17,3,
67,1054,3,
67,275,3,
67,393,3,
67,251,5,
67,50,4,
67,64,3,
67,574,3,
69,434,4,
69,1052,4,
69,178,5,
69,1059,4,
69,437,3,
69,1060,3,
69,407,5,
69,521,4,
69,732,5,
69,187,4,
69,467,5,
69,462,5,
69,460,2,
69,436,5,
69,465,3,
69,1061,4,
69,663,2,
69,1062,4,
69,393,4,
69,46,5,
69,1063,4,
69,734,4,
69,397,4,
69,396,3,
69,120,5,
69,402,4,
69,564,5,
69,487,5,
69,17,5,
69,592,5,
69,415,5,
69,261,5,
69,680,5,
69,260,4,
69,266,5,
69,530,4,
69,533,5,
69,416,5,
69,156,5,
69,590,5,
69,424,5,
69,112,5,
69,94,3,
69,421,5,
69,295,3,
69,253,4,
69,263,2,
69,675,4,
69,89,4,
69,550,3,
69,40,3,
69,64,4,
69,420,2,
69,54,5,
69,1069,4,
69,353,5,
69,412,5,
69,258,4,
69,383,5,
69,36,4,
69,60,4,
69,526,4,
69,151,4,
69,408,5,
69,630,5,
69,627,4,
69,26,4,
69,411,5,
69,642,4,
69,643,4,
69,625,5,
69,631,4,
69,329,5,
69,165,5,
73,643,5,
73,415,4,
73,1076,4,
73,619,4,
73,546,1,
73,526,4,
73,657,4,
73,565,4,
73,500,5,
73,263,2,
73,521,5,
73,943,4,
73,566,4,
73,375,3,
73,270,4,
73,533,4,
73,463,3,
73,609,4,
73,453,4,
73,266,4,
73,487,4,
73,591,4,
73,759,4,
73,249,4,
73,209,5,
73,530,4,
73,955,5,
73,494,3,
73,62,4,
73,383,5,
73,626,5,
82,245,5,
82,630,5,
82,959,4,
82,1060,3,
82,511,5,
82,375,5,
84,32,4,
84,389,3,
84,1019,3,432;84:1019;4 5;84:1019;4 9;84:1019;4 151;84:1019;4 409;84:1019;4 123;84:1019;4 144;84:1019;4 6;84:1019;4 4;84:1019;4 504;84:1019;4 395;84:1019;4 228;84:1019;4 308;84:1019;4 500;84:1019;4 11;84:1019;4 136;84:1019;4
84,407,4,5;84:407;4 143;84:407;4 9;84:407;4 151;84:407;4 409;84:407;4 123;84:407;4 6;84:407;4 0;84:407;4 2;84:407;4 4;84:407;4 504;84:407;4 395;84:407;4 115;84:407;4 306;84:407;5 308;84:407;4 136;84:407;4 276;84:407;5
84,641,4,
84,377,4,
84,191,4,
84,151,4,
84,493,5,
88,245,5,5;88:245;4 67;88:245;4 9;88:245;4 69;88:245;4 409;88:245;4 1;88:245;5 293;88:245;4 4;88:245;4 180;88:245;4 99;88:245;4 101;88:245;5 497;88:245;4 395;88:245;5 58;88:245;4 132;88:245;5 179;88:245;4 190;88:245;4 94;88:245;4
88,521,4,289;88:521;4 5;88:521;4 235;88:521;4 7;88:521;4 67;88:521;4 113;88:521;4 129;88:521;4 189;88:521;4 69;88:521;4 8;88:521;4 293;88:521;4 465;88:521;4 180;88:521;4 497;88:521;4 96;88:521;4 433;88:521;4 63;88:521;4
88,641,4,
88,386,5,5;88:386;4 67;88:386;4 113;88:386;4 9;88:386;4 69;88:386;4 398;88:386;4 8;88:386;4 1;88:386;4 97;88:386;4 180;88:386;4 99;88:386;4 426;88:386;4 84;88:386;4 395;88:386;4 96;88:386;4 308;88:386;4
88,447,5,
88,79,4,
88,1052,4,
88,493,5,
88,120,5,
88,187,5,
88,251,5,
88,642,5,
88,630,5,
88,143,5,
89,440,3,
89,731,4,
89,144,5,289;89:144;5 5;89:144;4 7;89:144;4 67;89:144;4 143;89:144;4 9;89:144;4 398;89:144;5 151;89:144;4 123;89:144;4 6;89:144;4 0;89:144;4 101;89:144;4 399;89:144;4 466;89:144;4 468;89:144;4 278;89:144;4 110;89:144;4
89,680,4,
89,40,5,
89,220,4,
89,308,4,
89,516,4,
89,239,5,
90,441,2,
90,198,4,
90,412,4,
90,624,4,
90,435,3,
90,420,4,
90,1063,3,
90,434,2,
90,308,5,
90,731,5,
90,15,3,
94,40,4,
94,245,4,
94,263,3,5;94:263;5 7;94:263;4 67;94:263;5 88;94:263;4 9;94:263;4 151;94:263;4 409;94:263;4 293;94:263;4 465;94:263;4 97;94:263;4 180;94:263;5 101;94:263;4 395;94:263;5 308;94:263;5 433;94:263;4 288;94:263;5
94,81,1,
94,178,5,
94,614,5,5;94:614;5 235;94:614;4 7;94:614;5 67;94:614;4 143;94:614;4 113;94:614;5 69;94:614;4 8;94:614;4 6;94:614;5 293;94:614;4 4;94:614;4 465;94:614;4 180;94:614;5 99;94:614;4 497;94:614;4 96;94:614;5 407;94:614;4
94,1061,5,5;94:1061;4 7;94:1061;4 67;94:1061;5 143;94:1061;4 113;94:1061;5 129;94:1061;4 69;94:1061;4 8;94:1061;5 185;94:1061;5 465;94:1061;4 180;94:1061;4 99;94:1061;5 96;94:1061;4 308;94:1061;4 73;94:1061;4 63;94:1061;4
94,279,3,
94,285,5,
94,534,4,
94,250,2,5;94:250;4 7;94:250;4 67;94:250;4 143;94:250;4 189;94:250;4 290;94:250;4 409;94:250;4 0;94:250;4 465;94:250;4 97;94:250;4 180;94:250;4 99;94:250;4 101;94:250;4 84;94:250;4 395;94:250;4 73;94:250;4 179;94:250;4 459;94:250;4
94,1054,2,
94,531,3,5;94:531;5 7;94:531;4 67;94:531;4 143;94:531;4 129;94:531;4 290;94:531;4 185;94:531;4 0;94:531;4 465;94:531;4 180;94:531;4 99;94:531;5 101;94:531;5 228;94:531;4 181;94:531;4 433;94:531;4 73;94:531;5
94,403,4,
95,731,5,
95,178,5,
95,245,1,289;95:245;4 67;95:245;4 143;95:245;4 113;95:245;4 129;95:245;4 9;95:245;4 69;95:245;4 8;95:245;4 293;95:245;4 97;95:245;4 395;95:245;4 96;95:245;4 90;95:245;4 473;95:245;4 63;95:245;4 288;95:245;4
95,292,5,
95,509,4,
95,527,2,
95,468,3,
96,0,4,
96,1061,4,
96,732,5,
96,245,4,5;96:245;5 7;96:245;4 189;96:245;4 69;96:245;4 290;96:245;4 8;96:245;4 6;96:245;5 185;96:245;5 293;96:245;4 4;96:245;4 180;96:245;5 99;96:245;5 497;96:245;4 132;96:245;5 63;96:245;4 94;96:245;4
96,1060,1,
96,178,4,5;96:178;4 235;96:178;4 7;96:178;4 67;96:178;4 88;96:178;4 189;96:178;4 69;96:178;4 290;96:178;4 442;96:178;5 8;96:178;4 6;96:178;5 185;96:178;5 2;96:178;4 4;96:178;4 180;96:178;5 99;96:178;4 426;96:178;4 504;96:178;5 395;96:178;4 122;96:178;4 433;96:178;4 132;96:178;5 407;96:178;4
96,440,4,5;96:440;4 235;96:440;4 67;96:440;4 189;96:440;4 9;96:440;4 69;96:440;4 8;96:440;4 185;96:440;5 2;96:440;4 180;96:440;5 99;96:440;5 426;96:440;4 84;96:440;4 228;96:440;4 308;96:440;4 433;96:440;4 132;96:440;5 190;96:440;4
96,1013,3,67;96:1013;4 143;96:1013;4 129;96:1013;4 189;96:1013;4 69;96:1013;4 8;96:1013;4 1;96:1013;4 2;96:1013;4 4;96:1013;4 465;96:1013;4 97;96:1013;4 180;96:1013;4 99;96:1013;4 101;96:1013;4 433;96:1013;4 132;96:1013;5 288;96:1013;4 463;96:1013;4 94;96:1013;4
96,467,3,7;96:467;4 67;96:467;4 143;96:467;4 189;96:467;4 69;96:467;4 8;96:467;4 185;96:467;5 4;96:467;4 465;96:467;4 97;96:467;4 180;96:467;4 101;96:467;4 122;96:467;4 73;96:467;4 63;96:467;4 288;96:467;4 110;96:467;4 94;96:467;4
96,431,1,5;96:431;4 7;96:431;4 67;96:431;4 113;96:431;4 189;96:431;4 1;96:431;4 185;96:431;4 0;96:431;4 2;96:431;4 4;96:431;4 465;96:431;4 97;96:431;4 180;96:431;5 99;96:431;4 101;96:431;4 111;96:431;4 63;96:431;5 288;96:431;4 190;96:431;4 110;96:431;4 178;96:431;4
96,1062,2,
96,55,4,5;96:55;4 235;96:55;4 7;96:55;4 67;96:55;4 143;96:55;4 189;96:55;4 9;96:55;4 1;96:55;4 185;96:55;4 0;96:55;4 2;96:55;4 4;96:55;4 465;96:55;4 99;96:55;4 101;96:55;4 122;96:55;5 132;96:55;4 288;96:55;4 190;96:55;4 110;96:55;4 178;96:55;4
96,407,3,5;96:407;4 7;96:407;4 67;96:407;4 88;96:407;4 189;96:407;4 9;96:407;4 8;96:407;4 1;96:407;4 185;96:407;5 0;96:407;5 4;96:407;4 465;96:407;4 97;96:407;4 180;96:407;4 101;96:407;4 84;96:407;4 73;96:407;4 288;96:407;4 178;96:407;5
96,560,4,5;96:560;4 235;96:560;4 7;96:560;4 310;96:560;4 67;96:560;4 189;96:560;4 9;96:560;4 1;96:560;4 185;96:560;4 465;96:560;4 97;96:560;4 99;96:560;4 101;96:560;4 84;96:560;4 308;96:560;4 433;96:560;4 473;96:560;4 73;96:560;4 288;96:560;4 94;96:560;4 459;96:560;4
96,730,4,5;96:730;4 7;96:730;4 310;96:730;5 67;96:730;4 69;96:730;4 398;96:730;4 185;96:730;5 465;96:730;4 97;96:730;4 180;96:730;4 101;96:730;4 89;96:730;4 426;96:730;4 141;96:730;4 288;96:730;4 178;96:730;4
96,662,1,
96,643,4,
96,572,3,
96,1036,5,
96,1063,3,
96,426,2,
96,459,3,
96,35,3,
96,734,2,
96,453,4,
96,762,4,
96,436,4,
96,1023,4,
96,460,5,
96,1052,4,
96,280,3,
96,376,5,
96,624,4,
96,1115,2,
96,1,2,
97,574,5,
97,445,5,
97,733,3,
97,657,2,
97,662,4,
97,1010,5,
97,560,5,
97,939,4,
97,106,4,
97,566,4,
97,492,5,
97,472,4,
97,280,4,
97,412,4,
97,232,5,
97,1131,4,
97,213,5,
97,551,4,
97,72,4,
97,547,4,
97,642,5,
97,450,4,
97,389,5,
97,55,4,
97,282,5,
97,1052,4,
97,494,3,
97,33,3,
97,440,4,
97,572,3,
97,121,4,
97,734,3,
97,260,4,
97,90,4,
97,1031,3,
97,411,4,
97,524,4,
97,1063,4,
97,466,4,
98,599,5,
98,526,4,
98,411,5,
98,146,5,
98,402,4,
98,662,2,
98,517,5,
98,1059,5,
98,1069,4,
98,687,5,
98,471,4,
98,86,5,
99,551,3,
99,529,5,
99,488,5,
99,547,3,
99,1010,5,235;99:1010;5 310;99:1010;4 67;99:1010;4 143;99:1010;4 9;99:1010;4 8;99:1010;4 293;99:1010;4 4;99:1010;4 465;99:1010;4 180;99:1010;5 395;99:1010;5 308;99:1010;4 132;99:1010;5 179;99:1010;5 63;99:1010;4 110;99:1010;4 407;99:1010;5
99,456,3,289;99:456;5 5;99:456;5 235;99:456;4 67;99:456;5 189;99:456;5 9;99:456;4 69;99:456;4 8;99:456;5 2;99:456;5 180;99:456;5 101;99:456;5 504;99:456;4 115;99:456;5 433;99:456;5 107;99:456;5 63;99:456;5 463;99:456;5
99,431,2,5;99:431;4 7;99:431;4 67;99:431;4 8;99:431;4 1;99:431;4 185;99:431;4 4;99:431;4 465;99:431;4 97;99:431;4 101;99:431;4 395;99:431;4 115;99:431;5 308;99:431;4 141;99:431;4 107;99:431;5 63;99:431;4 110;99:431;4
99,524,4,5;99:524;4 67;99:524;4 129;99:524;4 9;99:524;4 8;99:524;4 1;99:524;4 0;99:524;4 465;99:524;4 97;99:524;4 180;99:524;4 101;99:524;4 306;99:524;4 96;99:524;4 308;99:524;4 122;99:524;4 107;99:524;5 73;99:524;4 288;99:524;4 463;99:524;4 94;99:524;4
99,375,5,
99,268,2,
99,250,3,7;99:250;4 67;99:250;4 143;99:250;4 189;99:250;4 410;99:250;4 1;99:250;4 185;99:250;4 0;99:250;4 465;99:250;4 97;99:250;4 180;99:250;4 101;99:250;4 84;99:250;4 395;99:250;4 122;99:250;4 433;99:250;4 98;99:250;4 179;99:250;4 82;99:250;4 94;99:250;4
99,33,3,289;99:33;4 7;99:33;4 67;99:33;4 143;99:33;4 88;99:33;4 113;99:33;4 1;99:33;4 185;99:33;4 0;99:33;4 465;99:33;4 180;99:33;5 101;99:33;5 115;99:33;4 100;99:33;4 107;99:33;5 179;99:33;4
99,450,3,
99,9,4,5;99:9;4 67;99:9;4 143;99:9;4 113;99:9;5 189;99:9;4 290;99:9;5 1;99:9;5 185;99:9;5 0;99:9;4 465;99:9;4 180;99:9;5 101;99:9;5 395;99:9;5 308;99:9;4 181;99:9;4 122;99:9;5 73;99:9;4 94;99:9;5 459;99:9;4
99,64,4,
99,428,4,289;99:428;4 67;99:428;4 189;99:428;4 290;99:428;4 410;99:428;4 185;99:428;4 0;99:428;4 465;99:428;4 329;99:428;4 395;99:428;5 115;99:428;5 308;99:428;4 181;99:428;4 100;99:428;4 98;99:428;4 63;99:428;4 463;99:428;4 94;99:428;4
99,540,2,
99,993,4,
99,388,3,
99,40,3,
100,1061,5,5;100:1061;4 7;100:1061;4 67;100:1061;4 88;100:1061;4 129;100:1061;4 189;100:1061;4 69;100:1061;4 290;100:1061;4 409;100:1061;4 123;100:1061;4 0;100:1061;4 4;100:1061;4 97;100:1061;4 101;100:1061;4 426;100:1061;4 96;100:1061;4 308;100:1061;4 122;100:1061;4 433;100:1061;4 63;100:1061;4 110;100:1061;4 94;100:1061;4
100,993,4,
100,383,5,
100,466,5,
100,1036,5,
100,257,4,
100,184,2,
100,396,5,
100,513,3,
100,657,5,
100,556,4,
100,487,5,
101,468,4,5;101:468;4 67;101:468;4 9;101:468;3 69;101:468;4 8;101:468;4 293;101:468;4 4;101:468;4 180;101:468;4 99;101:468;4 132;101:468;4 473;101:468;4 107;101:468;4 63;101:468;5 288;101:468;4 174;101:468;4 407;101:468;4
101,571,4,310;101:571;4 67;101:571;4 113;101:571;4 189;101:571;4 191;101:571;4 290;101:571;4 398;101:571;4 1;101:571;4 4;101:571;4 465;101:571;4 97;101:571;4 180;101:571;4 99;101:571;4 426;101:571;4 96;101:571;4 308;101:571;4 73;101:571;4 63;101:571;4 190;101:571;4 94;101:571;4
101,1061,4,67;101:1061;4 113;101:1061;4 189;101:1061;4 9;101:1061;4 410;101:1061;4 123;101:1061;4 1;101:1061;4 6;101:1061;4 0;101:1061;4 465;101:1061;4 97;101:1061;4 180;101:1061;4 426;101:1061;4 84;101:1061;4 395;101:1061;4 433;101:1061;4 107;101:1061;5 73;101:1061;4
101,631,4,5;101:631;4 235;101:631;4 7;101:631;4 67;101:631;4 143;101:631;4 189;101:631;4 191;101:631;4 290;101:631;4 410;101:631;4 1;101:631;4 0;101:631;4 465;101:631;4 97;101:631;4 180;101:631;4 99;101:631;4 426;101:631;4 84;101:631;4 395;101:631;4 115;101:631;4 122;101:631;4 103;101:631;4 107;101:631;5 73;101:631;4
101,434,4,
101,762,5,
101,662,3,
101,632,4,
101,1063,4,
101,462,4,
101,442,1,
101,15,3,
101,54,3,
101,624,5,
101,409,4,
101,614,4,
101,378,5,
101,1069,4,
101,397,5,
101,643,5,
101,551,4,
101,383,5,
101,453,4,
101,390,4,
101,415,5,
101,484,2,
101,1131,4,
101,433,4,
101,146,5,
101,657,4,
101,111,4,
101,253,3,
101,686,5,
101,396,5,143;101:396;3 9;101:396;4 69;101:396;4 290;101:396;4 398;101:396;4 409;101:396;4 123;101:396;4 6;101:396;4 0;101:396;4 4;101:396;4 465;101:396;4 488;101:396;3 181;101:396;4 399;101:396;4 396;101:396;4 94;101:396;4
101,64,3,
101,402,5,
103,64,4,
103,376,4,
103,14,4,
103,468,4,
103,604,3,
103,431,3,
103,488,3,
103,543,3,
103,32,5,
103,508,4,
103,249,4,
103,36,4,
103,1143,4,
103,490,3,
103,529,4,
103,540,2,
103,447,4,
103,993,4,
103,251,5,
103,533,3,
103,592,5,
103,455,4,
103,507,4,
103,393,4,
103,663,4,
103,517,4,
103,562,4,
103,551,3,
103,657,2,
103,565,3,
103,659,4,
103,500,4,
103,250,3,
103,181,4,
103,417,2,
103,260,3,
103,255,3,
103,40,5,
103,62,4,
103,589,2,
103,42,2,
103,263,4,
103,258,3,
103,26,4,
103,272,3,
103,15,2,
103,420,3,
103,268,1,
103,301,5,
103,65,4,
103,614,3,
103,277,5,
103,421,3,
103,279,2,
103,94,5,
103,656,3,
103,21,4,
103,422,3,
103,617,2,
103,81,3,
103,60,4,
103,98,1,
103,402,4,
103,265,2,
103,76,5,
103,293,2,
103,78,4,
103,624,4,
103,399,4,
103,642,3,
103,629,1,
103,72,3,
103,100,4,
103,1146,3,
103,637,4,
103,145,3,
103,82,2,
103,377,2,
103,79,2,
103,296,4,
103,121,3,
103,133,2,
103,419,4,
103,1031,1,
103,25,2,
103,512,4,
103,1002,1,
103,581,3,
103,300,4,
103,737,2,
103,131,3,
103,633,3,
103,144,3,
103,24,5,
103,182,5,
103,2,3,
103,1076,3,
103,315,5,
103,122,5,
107,733,2,5;107:733;4 67;107:733;4 143;107:733;4 113;107:733;5 9;107:733;4 69;107:733;4 8;107:733;4 4;107:733;4 97;107:733;5 99;107:733;5 101;107:733;5 504;107:733;4 395;107:733;4 115;107:733;5 132;107:733;4 63;107:733;4 288;107:733;4 187;107:733;4 178;107:733;4
107,1061,2,5;107:1061;4 235;107:1061;4 67;107:1061;4 143;107:1061;4 113;107:1061;5 189;107:1061;4 69;107:1061;4 290;107:1061;5 4;107:1061;4 97;107:1061;5 99;107:1061;5 101;107:1061;5 504;107:1061;4 395;107:1061;4 308;107:1061;4 122;107:1061;5 132;107:1061;5 288;107:1061;5 187;107:1061;4 178;107:1061;5
107,100,3,5;107:100;4 67;107:100;5 143;107:100;5 88;107:100;4 113;107:100;5 69;107:100;4 123;107:100;4 1;107:100;5 0;107:100;4 97;107:100;4 180;107:100;5 99;107:100;5 101;107:100;5 504;107:100;4 395;107:100;5 181;107:100;5 122;107:100;5 100;107:100;5 314;107:100;4 73;107:100;4 82;107:100;4 190;107:100;5 178;107:100;5
107,1115,3,5;107:1115;5 235;107:1115;4 7;107:1115;5 67;107:1115;4 143;107:1115;5 129;107:1115;4 69;107:1115;5 410;107:1115;5 409;107:1115;4 185;107:1115;5 0;107:1115;4 99;107:1115;5 101;107:1115;5 395;107:1115;4 308;107:1115;4 181;107:1115;5 122;107:1115;5 433;107:1115;4 399;107:1115;4 466;107:1115;5 314;107:1115;4 178;107:1115;5 459;107:1115;5
107,184,2,5;107:184;4 67;107:184;4 143;107:184;4 113;107:184;5 129;107:184;4 69;107:184;5 290;107:184;4 410;107:184;4 1;107:184;4 185;107:184;4 0;107:184;4 97;107:184;4 99;107:184;4 181;107:184;4 399;107:184;4 98;107:184;5 94;107:184;4
107,376,4,
110,1061,5,
110,1059,5,
110,9,5,
110,501,1,
110,52,5,
110,32,4,
110,318,5,
110,687,3,
110,684,2,
110,121,5,
110,465,4,
110,131,4,
110,766,5,
110,394,5,
110,137,5,
110,138,5,
110,228,4,
110,412,3,
110,642,4,
110,215,5,
110,119,5,
110,112,4,
110,377,5,
110,232,3,
110,71,5,
110,591,5,
110,641,5,
110,424,5,
110,772,5,
110,598,5,
110,287,3,
110,1050,5,
110,300,4,
111,687,1,
111,585,3,
111,533,3,
111,571,4,
111,764,1,
111,589,1,
111,643,1,
111,417,2,
111,561,3,
111,530,1,
111,295,1,
111,26,1,
111,282,4,
111,540,2,
111,539,3,
111,1031,5,
111,174,5,
111,99,1,
111,684,2,
111,1002,3,
111,649,1,
111,302,5,
111,296,3,
111,665,1,
111,279,3,
111,54,3,
111,472,1,
111,378,2,
111,138,1,
111,617,5,
111,739,1,
111,72,1,
111,256,2,
111,253,1,
111,258,2,
111,604,2,
111,499,3,
111,42,1,
111,1037,1,
111,418,1,
111,878,1,
111,263,1,
111,270,3,
111,605,3,
111,318,2,
111,24,3,
111,268,2,
111,90,2,
111,257,2,
111,62,2,
111,300,3,
111,424,1,
111,119,2,
111,215,4,
111,650,2,
111,600,1,
111,644,3,
111,259,1,
111,676,2,
111,98,2,
111,1019,4,
111,419,1,
111,677,1,
111,423,1,
111,121,3,
111,564,3,
111,286,1,
111,260,1,
111,377,1,
111,122,2,
111,77,2,
111,120,1,
111,626,5,
111,394,1,
111,737,1,
111,287,4,
111,60,2,
111,188,3,
111,381,4,
111,413,1,
111,106,2,
111,399,2,
111,590,3,
111,101,1,
111,581,1,
113,490,5,67;113:490;4 129;113:490;4 9;113:490;4 69;113:490;4 8;113:490;4 6;113:490;4 293;113:490;4 4;113:490;4 180;113:490;4 99;113:490;4 101;113:490;4 504;113:490;4 395;113:490;4 308;113:490;4 63;113:490;5 178;113:490;5
113,501,3,
113,1060,4,
113,631,2,5;113:631;4 235;113:631;4 7;113:631;4 67;113:631;4 88;113:631;4 129;113:631;5 8;113:631;4 409;113:631;4 123;113:631;4 6;113:631;4 293;113:631;4 4;113:631;4 180;113:631;5 504;113:631;4 497;113:631;5 96;113:631;4 433;113:631;4 473;113:631;4 94;113:631;4
113,1044,3,
113,188,3,
113,632,4,5;113:632;4 67;113:632;4 129;113:632;4 189;113:632;4 191;113:632;4 69;113:632;4 442;113:632;4 8;113:632;4 4;113:632;4 465;113:632;4 180;113:632;4 99;113:632;4 101;113:632;4 132;113:632;4 110;113:632;4 178;113:632;4
113,516,4,5;113:516;4 67;113:516;5 129;113:516;4 189;113:516;5 191;113:516;4 69;113:516;4 8;113:516;4 4;113:516;4 465;113:516;4 180;113:516;4 99;113:516;4 101;113:516;4 497;113:516;4 132;113:516;5 73;113:516;5 288;113:516;4 95;113:516;4
113,447,5,
113,1143,5,289;113:1143;4 7;113:1143;5 67;113:1143;4 88;113:1143;4 189;113:1143;5 1;113:1143;4 185;113:1143;5 0;113:1143;5 465;113:1143;4 180;113:1143;5 99;113:1143;4 101;113:1143;5 306;113:1143;5 103;113:1143;5 179;113:1143;4 464;113:1143;4
113,2,5,
113,1036,5,5;113:1036;4 310;113:1036;4 67;113:1036;5 143;113:1036;4 189;113:1036;5 191;113:1036;4 185;113:1036;5 0;113:1036;5 180;113:1036;4 99;113:1036;4 101;113:1036;4 504;113:1036;4 122;113:1036;5 107;113:1036;5 94;113:1036;4 459;113:1036;4
113,534,3,
113,167,5,
113,1041,4,
113,1115,3,
113,375,5,
113,462,1,
113,391,4,
113,500,2,
113,556,3,
113,759,4,
113,453,4,
113,533,2,
113,165,5,
113,592,5,
113,251,5,5;113:251;5 7;113:251;5 143;113:251;5 9;113:251;4 69;113:251;4 409;113:251;4 123;113:251;4 6;113:251;5 185;113:251;4 4;113:251;4 397;113:251;5 469;113:251;5 306;113:251;5 319;113:251;5 132;113:251;5 412;113:251;5 110;113:251;5
113,532,3,5;113:532;4 7;113:532;5 143;113:532;4 9;113:532;4 69;113:532;4 311;113:532;4 409;113:532;4 123;113:532;4 185;113:532;4 0;113:532;5 4;113:532;4 397;113:532;4 469;113:532;4 308;113:532;4 412;113:532;4 190;113:532;4 110;113:532;4
113,40,5,
115,533,2,
115,81,4,
115,625,4,5;115:625;4 235;115:625;4 60;115:625;3 9;115:625;4 69;115:625;4 311;115:625;4 151;115:625;4 409;115:625;4 144;115:625;4 6;115:625;4 0;115:625;4 2;115:625;4 465;115:625;4 469;115:625;4 84;115:625;4 395;115:625;4 228;115:625;4 308;115:625;4 58;115:625;4 190;115:625;4
115,1054,5,5;115:1054;4 235;115:1054;4 143;115:1054;4 60;115:1054;4 9;115:1054;4 318;115:1054;4 311;115:1054;4 398;115:1054;4 409;115:1054;4 2;115:1054;4 4;115:1054;4 465;115:1054;4 469;115:1054;4 504;115:1054;4 308;115:1054;4 110;115:1054;4 94;115:1054;4
115,532,5,
115,419,3,
115,614,4,
115,60,5,
115,626,4,
115,739,5,
115,683,5,
115,277,4,
115,133,5,
115,1019,4,
122,484,2,
122,178,5,
122,466,1,
122,112,2,
122,383,2,
122,261,4,
122,414,1,7;122:414;5 143;122:414;4 113;122:414;5 318;122:414;4 69;122:414;4 398;122:414;4 123;122:414;4 0;122:414;4 4;122:414;4 465;122:414;4 469;122:414;4 101;122:414;5 399;122:414;4 107;122:414;5 190;122:414;4 94;122:414;4
122,517,4,
122,521,4,
122,266,3,
122,188,5,
123,437,5,
123,414,4,
123,489,2,
123,435,3,
123,440,4,
123,501,4,
123,462,5,
123,436,5,
123,1059,5,
123,619,3,
123,447,5,
123,442,3,
123,531,4,
123,383,5,
123,517,5,
123,521,5,
123,626,5,
123,450,5,
123,551,4,
123,565,4,
123,657,5,
123,251,3,
123,513,5,
123,54,4,
123,392,2,
123,396,4,
123,50,5,
123,255,5,
123,574,5,
123,35,5,
123,663,4,
123,187,5,
123,32,5,
123,507,2,5;123:507;4 235;123:507;4 7;123:507;4 310;123:507;4 9;123:507;4 318;123:507;4 191;123:507;4 151;123:507;4 0;123:507;4 4;123:507;4 504;123:507;4 115;123:507;4 306;123:507;4 308;123:507;4 122;123:507;4 399;123:507;4 472;123:507;4
123,394,5,129;123:394;4 9;123:394;4 318;123:394;4 191;123:394;4 311;123:394;4 151;123:394;4 409;123:394;4 6;123:394;4 0;123:394;4 4;123:394;4 397;123:394;4 469;123:394;4 504;123:394;4 84;123:394;4 306;123:394;4 488;123:394;4 122;123:394;4 412;123:394;4
123,63,4,
123,89,5,
123,421,4,
123,258,5,
123,471,4,
123,406,4,
123,422,2,
123,530,3,
123,279,3,
123,292,4,
123,98,3,
123,15,5,
123,407,5,
123,564,5,
123,99,5,
123,624,5,
123,1069,5,
123,402,5,
123,188,4,
123,389,5,5;123:389;4 143;123:389;4 129;123:389;4 60;123:389;4 9;123:389;4 191;123:389;4 151;123:389;4 6;123:389;4 0;123:389;4 2;123:389;4 4;123:389;4 84;123:389;4 395;123:389;4 306;123:389;4 308;123:389;4 500;123:389;4
123,585,5,
123,79,3,
123,82,4,432;123:82;4 143;123:82;4 9;123:82;4 318;123:82;4 191;123:82;4 151;123:82;4 409;123:82;4 144;123:82;4 6;123:82;4 0;123:82;4 2;123:82;4 4;123:82;4 84;123:82;4 306;123:82;5 308;123:82;4 500;123:82;4 279;123:82;5
123,666,3,
123,111,4,
123,643,4,
123,1019,5,
123,2,5,
123,191,4,
123,636,4,
123,143,5,
123,146,4,
129,500,4,5;129:500;4 235;129:500;4 67;129:500;4 88;129:500;4 113;129:500;4 189;129:500;4 290;129:500;4 151;129:500;4 410;129:500;4 1;129:500;4 4;129:500;4 465;129:500;4 395;129:500;4 488;129:500;4 181;129:500;4 122;129:500;4 100;129:500;4 63;129:500;4
129,268,4,
129,277,5,5;129:277;4 235;129:277;3 7;129:277;4 113;129:277;4 9;129:277;4 318;129:277;4 311;129:277;4 398;129:277;4 151;129:277;4 123;129:277;4 6;129:277;4 0;129:277;4 4;129:277;4 465;129:277;3 469;129:277;4 395;129:277;4 115;129:277;4 488;129:277;4 122;129:277;3 11;129:277;3
129,15,4,
129,266,3,
129,98,4,432;129:98;4 5;129:98;4 143;129:98;3 9;129:98;4 318;129:98;3 151;129:98;4 144;129:98;4 6;129:98;4 4;129:98;4 465;129:98;4 497;129:98;4 395;129:98;4 488;129:98;4 122;129:98;4 384;129:98;4 132;129:98;4 278;129:98;4
129,72,4,
129,194,3,
129,427,1,
129,323,2,
129,666,2,
129,163,3,
129,955,4,
132,445,5,5;132:445;5 235;132:445;4 7;132:445;5 67;132:445;5 129;132:445;4 189;132:445;5 9;132:445;4 69;132:445;4 290;132:445;4 8;132:445;4 409;132:445;5 2;132:445;4 4;132:445;4 180;132:445;4 101;132:445;4 426;132:445;4 504;132:445;5 497;132:445;4 96;132:445;5 308;132:445;5 433;132:445;4
132,650,5,5;132:650;4 88;132:650;4 189;132:650;5 9;132:650;4 442;132:650;5 8;132:650;5 409;132:650;4 2;132:650;5 4;132:650;4 180;132:650;4 99;132:650;5 101;132:650;4 504;132:650;4 84;132:650;4 96;132:650;5 433;132:650;4 100;132:650;5 73;132:650;4 63;132:650;5 178;132:650;4
132,27,3,5;132:27;4 235;132:27;4 67;132:27;5 143;132:27;4 129;132:27;4 9;132:27;4 69;132:27;4 8;132:27;4 409;132:27;4 185;132:27;5 4;132:27;4 465;132:27;4 180;132:27;5 101;132:27;4 504;132:27;4 433;132:27;4 107;132:27;4 73;132:27;4 463;132:27;4
132,465,5,5;132:465;4 67;132:465;4 143;132:465;4 113;132:465;5 189;132:465;4 69;132:465;4 290;132:465;4 4;132:465;4 465;132:465;4 97;132:465;4 180;132:465;4 99;132:465;4 101;132:465;4 504;132:465;4 115;132:465;4 433;132:465;4 73;132:465;4 63;132:465;5 178;132:465;4
132,1013,3,5;132:1013;4 235;132:1013;4 67;132:1013;5 129;132:1013;5 69;132:1013;4 151;132:1013;4 8;132:1013;5 185;132:1013;5 4;132:1013;4 465;132:1013;4 97;132:1013;4 180;132:1013;5 101;132:1013;5 504;132:1013;4 497;132:1013;5 308;132:1013;4 107;132:1013;5 63;132:1013;5 82;132:1013;4 463;132:1013;4 110;132:1013;4
132,715,5,
132,14,5,
132,456,5,
132,487,5,7;132:487;5 67;132:487;4 143;132:487;4 9;132:487;4 69;132:487;4 151;132:487;4 409;132:487;4 1;132:487;5 185;132:487;4 0;132:487;4 293;132:487;4 4;132:487;4 469;132:487;5 99;132:487;4 101;132:487;4 504;132:487;4 395;132:487;4 399;132:487;4
132,394,5,
132,505,4,
132,296,4,
132,253,5,
132,90,4,
132,539,5,
132,26,4,432;132:26;4 5;132:26;5 235;132:26;4 143;132:26;4 60;132:26;4 9;132:26;4 151;132:26;4 409;132:26;4 123;132:26;5 6;132:26;4 0;132:26;4 2;132:26;4 504;132:26;4 395;132:26;4 115;132:26;4 319;132:26;4 468;132:26;4
132,54,5,
132,564,5,
132,649,2,
136,71,3,
136,539,5,
136,94,4,
136,614,5,
136,81,5,
136,77,2,
136,89,5,
136,516,5,
136,407,5,
136,265,5,
136,26,4,
136,159,5,
136,79,4,
136,138,3,
136,216,5,
136,493,5,
136,196,4,
136,209,4,
141,624,2,
141,198,3,
141,101,1,
141,149,3,
141,599,3,
141,641,5,
141,211,5,
143,426,4,
143,762,1,
143,1214,4,5;143:1214;4 7;143:1214;4 67;143:1214;4 129;143:1214;4 189;143:1214;5 9;143:1214;4 69;143:1214;4 185;143:1214;5 4;143:1214;5 465;143:1214;5 180;143:1214;5 89;143:1214;4 96;143:1214;5 308;143:1214;5 122;143:1214;5 103;143:1214;4 107;143:1214;5 178;143:1214;4
143,657,3,
143,1050,4,5;143:1050;4 235;143:1050;4 7;143:1050;4 9;143:1050;4 318;143:1050;4 398;143:1050;4 123;143:1050;4 0;143:1050;4 2;143:1050;4 4;143:1050;4 397;143:1050;4 469;143:1050;4 89;143:1050;4 504;143:1050;4 115;143:1050;5 306;143:1050;4 122;143:1050;4 396;143:1050;4 319;143:1050;4 11;143:1050;4 412;143:1050;4
143,119,4,
143,75,3,
144,165,5,5;144:165;4 143;144:165;4 60;144:165;4 9;144:165;4 191;144:165;4 151;144:165;4 6;144:165;4 0;144:165;4 2;144:165;4 504;144:165;4 84;144:165;4 395;144:165;4 115;144:165;5 228;144:165;4 308;144:165;4 384;144:165;4 473;144:165;4 136;144:165;4
144,128,4,5;144:128;4 7;144:128;4 143;144:128;5 9;144:128;4 191;144:128;4 151;144:128;4 409;144:128;4 6;144:128;4 0;144:128;4 293;144:128;4 2;144:128;4 4;144:128;4 504;144:128;4 115;144:128;4 308;144:128;4 488;144:128;4 508;144:128;4 384;144:128;4 500;144:128;4 11;144:128;4
144,904,3,5;144:904;4 235;144:904;4 7;144:904;4 143;144:904;4 129;144:904;4 9;144:904;4 191;144:904;4 151;144:904;4 409;144:904;4 123;144:904;4 0;144:904;4 2;144:904;4 4;144:904;4 497;144:904;4 395;144:904;4 308;144:904;4 384;144:904;4 276;144:904;4
144,353,5,
144,232,4,7;144:232;5 129;144:232;4 9;144:232;4 191;144:232;4 151;144:232;4 409;144:232;4 123;144:232;4 0;144:232;4 4;144:232;4 329;144:232;5 395;144:232;4 308;144:232;4 384;144:232;4 11;144:232;4 136;144:232;5 276;144:232;4
144,666,3,
144,633,3,
144,665,4,
144,649,2,
144,494,3,
144,505,3,
144,403,4,
144,156,5,
144,330,4,
144,138,4,
144,607,4,
144,746,3,
144,472,4,
144,397,4,
144,943,4,
144,564,5,
144,878,4,
144,412,4,
144,609,4,
144,112,4,
144,103,5,
144,762,3,
144,149,3,
144,764,5,
151,1043,4,289;151:1043;4 5;151:1043;4 7;151:1043;4 143;151:1043;4 88;151:1043;4 129;151:1043;4 9;151:1043;4 311;151:1043;4 410;151:1043;4 409;151:1043;4 0;151:1043;4 2;151:1043;4 4;151:1043;4 465;151:1043;4 397;151:1043;4 101;151:1043;4 504;151:1043;4 308;151:1043;4 488;151:1043;4 181;151:1043;4 399;151:1043;4 396;151:1043;4 466;151:1043;4 314;151:1043;4 11;151:1043;4 468;151:1043;4 279;151:1043;4 472;151:1043;4 190;151:1043;4 110;151:1043;4 276;151:1043;4 94;151:1043;4
151,629,5,432;151:629;4 5;151:629;4 235;151:629;4 129;151:629;4 9;151:629;4 69;151:629;4 123;151:629;4 0;151:629;4 2;151:629;4 504;151:629;4 84;151:629;4 395;151:629;4 308;151:629;4 488;151:629;3 320;151:629;4 508;151:629;4 58;151:629;4 319;151:629;4 11;151:629;4 63;151:629;4 136;151:629;4 276;151:629;4
151,666,4,432;151:666;4 5;151:666;4 143;151:666;4 9;151:666;4 191;151:666;4 409;151:666;4 123;151:666;4 144;151:666;4 0;151:666;4 4;151:666;4 308;151:666;4 488;151:666;4 122;151:666;4 500;151:666;4 11;151:666;4 279;151:666;4 136;151:666;4 472;151:666;4 190;151:666;3 276;151:666;4
151,128,4,
151,407,4,
151,143,5,432;151:143;4 143;151:143;4 9;151:143;4 409;151:143;4 123;151:143;4 144;151:143;4 0;151:143;4 4;151:143;4 329;151:143;4 84;151:143;4 228;151:143;4 488;151:143;4 122;151:143;4 384;151:143;4 132;151:143;4 473;151:143;4 11;151:143;4 136;151:143;4
151,111,4,
151,314,4,
151,330,4,
151,159,4,
174,1214,5,
174,178,5,
174,143,5,
174,406,5,
174,315,5,
174,100,4,
174,419,3,
174,540,3,
174,146,4,
174,447,4,
174,1062,4,
174,1031,4,
174,617,4,
174,386,5,
174,663,4,
174,475,1,
174,513,3,
174,489,3,
174,436,5,
174,279,4,
174,460,3,
174,329,3,
174,255,4,
174,435,1,
174,528,5,
174,622,4,
174,500,4,
174,1002,5,
174,77,3,
174,455,2,
174,959,3,
174,585,5,
174,660,4,
174,566,3,
174,484,5,
174,562,5,
174,465,4,
174,437,2,
174,75,5,
174,194,4,
174,261,5,
174,598,4,
174,163,4,
174,609,3,
174,772,4,
174,904,3,
174,137,4,
174,766,4,
174,112,4,
174,503,4,
174,55,3,
174,149,3,
178,1036,5,
178,571,4,
178,490,5,
178,499,5,
178,508,4,
178,285,5,
178,94,4,289;178:94;4 5;178:94;4 310;178:94;4 67;178:94;4 143;178:94;4 189;178:94;4 69;178:94;4 1;178:94;4 185;178:94;4 180;178:94;4 101;178:94;4 497;178:94;4 132;178:94;4 73;178:94;4 63;178:94;4 463;178:94;4
178,256,1,
178,277,5,
178,433,2,
178,50,5,
179,17,4,5;179:17;4 235;179:17;4 7;179:17;4 310;179:17;4 67;179:17;4 143;179:17;4 113;179:17;5 189;179:17;4 69;179:17;4 290;179:17;4 8;179:17;4 409;179:17;4 6;179:17;4 293;179:17;4 4;179:17;4 97;179:17;5 99;179:17;4 101;179:17;5 426;179:17;4 329;179:17;4 504;179:17;4 395;179:17;4 308;179:17;4 122;179:17;5 433;179:17;4 132;179:17;4 314;179:17;4 107;179:17;5 288;179:17;4 174;179:17;5 190;179:17;4 110;179:17;4 94;179:17;4
179,494,5,5;179:494;4 235;179:494;4 67;179:494;4 88;179:494;4 9;179:494;4 290;179:494;4 1;179:494;4 185;179:494;4 0;179:494;4 465;179:494;4 97;179:494;4 99;179:494;4 101;179:494;4 84;179:494;4 395;179:494;4 308;179:494;4 122;179:494;5 100;179:494;4 98;179:494;4 63;179:494;4 82;179:494;4 464;179:494;4
179,255,5,5;179:255;4 67;179:255;4 143;179:255;3 290;179:255;4 1;179:255;4 185;179:255;4 2;179:255;4 465;179:255;4 97;179:255;4 180;179:255;4 99;179:255;4 101;179:255;4 504;179:255;4 84;179:255;4 395;179:255;5 115;179:255;4 308;179:255;4 98;179:255;4
179,762,5,289;179:762;4 5;179:762;4 235;179:762;4 310;179:762;4 67;179:762;4 143;179:762;4 290;179:762;4 1;179:762;4 185;179:762;4 0;179:762;4 4;179:762;4 465;179:762;4 180;179:762;4 99;179:762;4 101;179:762;4 426;179:762;4 504;179:762;4 308;179:762;4 122;179:762;4 433;179:762;4 100;179:762;4 107;179:762;5
179,258,5,
179,471,5,
179,1214,5,
180,2,4,67;180:2;4 113;180:2;5 129;180:2;4 189;180:2;5 9;180:2;4 69;180:2;4 1;180:2;4 4;180:2;4 465;180:2;4 97;180:2;4 99;180:2;4 497;180:2;4 308;180:2;4 488;180:2;4 132;180:2;5 178;180:2;4
180,625,5,
180,532,2,
180,0,4,
180,540,2,235;180:540;4 67;180:540;4 143;180:540;5 113;180:540;5 189;180:540;4 9;180:540;4 8;180:540;4 1;180:540;4 6;180:540;5 185;180:540;4 293;180:540;4 4;180:540;4 99;180:540;5 101;180:540;4 504;180:540;4 433;180:540;4 63;180:540;5 190;180:540;4 187;180:540;4 110;180:540;4
180,1115,4,
180,25,4,
180,62,4,
180,268,1,289;180:268;5 5;180:268;4 7;180:268;4 67;180:268;5 129;180:268;4 189;180:268;4 69;180:268;4 8;180:268;4 123;180:268;4 1;180:268;4 185;180:268;4 4;180:268;4 465;180:268;4 97;180:268;4 99;180:268;5 101;180:268;4 497;180:268;4 433;180:268;4 132;180:268;4 288;180:268;4 407;180:268;4
180,9,2,5;180:9;4 67;180:9;5 113;180:9;5 410;180:9;4 1;180:9;4 0;180:9;5 465;180:9;4 99;180:9;5 101;180:9;5 426;180:9;4 395;180:9;4 308;180:9;4 122;180:9;4 314;180:9;5 98;180:9;4 107;180:9;5 179;180:9;4 110;180:9;4
181,484,3,289;181:484;4 5;181:484;4 235;181:484;4 67;181:484;4 88;181:484;4 113;181:484;4 129;181:484;4 189;181:484;4 191;181:484;4 290;181:484;5 410;181:484;4 409;181:484;4 123;181:484;4 185;181:484;4 293;181:484;4 4;181:484;4 465;181:484;4 99;181:484;4 101;181:484;4 426;181:484;4 395;181:484;4 308;181:484;4 399;181:484;4 100;181:484;4 107;181:484;4 179;181:484;4 463;181:484;4 94;181:484;4
181,187,3,
181,1023,3,
181,488,4,
181,421,5,
181,524,3,
181,213,5,
185,626,5,
185,113,4,
185,675,3,
185,589,2,
185,17,5,
185,488,4,
185,249,3,
185,187,2,
185,733,4,5;185:733;5 235;185:733;4 67;185:733;4 143;185:733;4 129;185:733;5 9;185:733;4 8;185:733;5 293;185:733;4 4;185:733;4 465;185:733;5 180;185:733;5 99;185:733;5 497;185:733;5 96;185:733;5 308;185:733;5 132;185:733;5 473;185:733;4 63;185:733;4 190;185:733;5 110;185:733;5 178;185:733;5 407;185:733;5
185,25,4,
185,280,2,
185,1061,3,
185,277,5,
185,466,2,5;185:466;5 67;185:466;5 143;185:466;5 129;185:466;4 191;185:466;5 69;185:466;4 0;185:466;5 4;185:466;4 465;185:466;5 180;185:466;5 99;185:466;5 122;185:466;4 433;185:466;5 132;185:466;5 82;185:466;5 190;185:466;5 463;185:466;5 110;185:466;5 459;185:466;5
185,1115,3,
185,431,3,289;185:431;4 5;185:431;5 67;185:431;4 143;185:431;4 88;185:431;4 191;185:431;4 123;185:431;4 6;185:431;5 0;185:431;4 97;185:431;4 180;185:431;5 99;185:431;4 84;185:431;4 395;185:431;4 115;185:431;5 103;185:431;5 73;185:431;4 179;185:431;4 110;185:431;4 459;185:431;5
185,734,2,235;185:734;4 67;185:734;5 143;185:734;4 189;185:734;4 1;185:734;4 0;185:734;4 2;185:734;4 465;185:734;4 180;185:734;5 99;185:734;4 426;185:734;4 84;185:734;4 433;185:734;4 98;185:734;5 179;185:734;4 110;185:734;4
185,9,2,289;185:9;5 5;185:9;5 235;185:9;4 67;185:9;5 113;185:9;5 189;185:9;5 465;185:9;5 180;185:9;5 99;185:9;5 115;185:9;5 308;185:9;5 122;185:9;5 100;185:9;5 98;185:9;4 179;185:9;5 110;185:9;4 459;185:9;5
185,993,4,
185,100,3,
185,1037,3,143;185:1037;5 113;185:1037;4 129;185:1037;4 189;185:1037;4 69;185:1037;4 1;185:1037;5 465;185:1037;4 99;185:1037;4 426;185:1037;4 504;185:1037;4 395;185:1037;4 181;185:1037;4 433;185:1037;4 100;185:1037;5 73;185:1037;5 110;185:1037;4 94;185:1037;4 459;185:1037;4
185,33,3,5;185:33;4 235;185:33;4 7;185:33;4 67;185:33;5 143;185:33;4 189;185:33;5 191;185:33;4 409;185:33;4 1;185:33;4 0;185:33;4 99;185:33;4 426;185:33;4 504;185:33;4 395;185:33;4 181;185:33;4 433;185:33;4 100;185:33;5 314;185:33;4 73;185:33;4 110;185:33;5
185,487,2,
185,318,4,
185,255,5,
185,528,3,
187,437,5,
187,731,5,
187,73,5,
187,524,3,
187,394,5,
187,484,3,
187,1002,2,
187,456,4,
187,730,2,
187,94,4,
187,386,4,
187,462,4,
187,1041,3,
187,426,3,
187,167,5,
187,419,4,
187,184,2,
187,463,2,
187,1115,3,
187,636,4,
187,1013,4,
187,440,4,
187,375,3,
187,249,4,
187,503,5,
187,445,4,
187,40,3,
187,529,5,
187,100,4,
187,441,1,
187,120,4,
187,90,5,
187,511,5,
187,447,5,
187,65,5,
187,475,2,
187,465,2,
187,489,3,
187,190,3,
187,468,4,
187,490,4,
187,258,4,
189,516,3,
189,1052,4,
189,1,1,289;189:1;4 67;189:1;4 143;189:1;4 88;189:1;4 113;189:1;5 129;189:1;4 409;189:1;4 1;189:1;4 293;189:1;4 4;189:1;4 465;189:1;4 97;189:1;4 180;189:1;4 497;189:1;4 308;189:1;4 488;189:1;4 63;189:1;4 288;189:1;5
189,453,3,
189,25,4,289;189:25;5 5;189:25;5 235;189:25;4 7;189:25;4 67;189:25;5 143;189:25;4 318;189:25;4 69;189:25;4 8;189:25;4 185;189:25;4 4;189:25;4 180;189:25;4 99;189:25;4 497;189:25;4 395;189:25;4 96;189:25;4 488;189:25;4 132;189:25;5 63;189:25;4 288;189:25;5
189,71,3,289;189:71;4 5;189:71;4 7;189:71;4 67;189:71;5 143;189:71;4 129;189:71;4 9;189:71;4 8;189:71;4 409;189:71;4 293;189:71;4 4;189:71;4 180;189:71;4 99;189:71;4 395;189:71;4 488;189:71;4 73;189:71;4
189,386,5,
189,293,5,
189,251,3,
189,133,3,
189,1146,2,
189,27,3,5;189:27;4 7;189:27;4 67;189:27;5 143;189:27;5 69;189:27;4 290;189:27;4 8;189:27;4 0;189:27;4 465;189:27;4 97;189:27;4 180;189:27;5 99;189:27;4 101;189:27;4 96;189:27;4 63;189:27;4 288;189:27;4 178;189:27;5
189,489,4,5;189:489;4 7;189:489;4 67;189:489;4 143;189:489;4 113;189:489;5 69;189:489;4 442;189:489;4 123;189:489;4 1;189:489;4 4;189:489;4 465;189:489;4 97;189:489;4 180;189:489;4 101;189:489;4 96;189:489;4 308;189:489;4 73;189:489;4 63;189:489;4
189,993,4,
189,411,2,289;189:411;4 5;189:411;4 235;189:411;4 7;189:411;4 67;189:411;4 113;189:411;4 290;189:411;4 123;189:411;2 1;189:411;4 185;189:411;4 0;189:411;4 4;189:411;4 465;189:411;4 97;189:411;4 180;189:411;4 101;189:411;4 96;189:411;4 132;189:411;4 63;189:411;4 82;189:411;4
189,190,5,
189,151,1,289;189:151;4 67;189:151;4 143;189:151;4 9;189:151;4 290;189:151;4 123;189:151;4 6;189:151;4 185;189:151;4 465;189:151;4 97;189:151;4 180;189:151;4 99;189:151;4 101;189:151;4 395;189:151;4 73;189:151;4 63;189:151;4
189,408,1,
189,211,4,
189,637,5,
189,174,5,
190,128,4,
190,282,5,
190,182,5,
190,503,4,
190,1044,4,
190,21,4,
190,426,3,
190,466,3,
190,389,3,
190,245,5,
190,766,5,
190,632,4,
190,353,5,
190,1115,3,
190,455,4,
190,1214,5,
190,463,3,
190,746,5,
190,531,4,
190,1143,4,
190,302,5,
190,73,5,
190,599,3,
190,493,5,
190,388,3,
190,381,4,
190,1059,4,
190,715,3,
190,467,4,
190,1013,4,
190,465,4,
190,431,2,
190,375,5,
190,445,4,
190,1036,4,
190,496,2,
190,543,4,
190,42,3,
190,730,4,
190,184,2,
190,1023,2,
190,510,1,
190,14,5,
190,36,4,
190,415,3,
190,551,3,
190,459,2,
190,456,4,
190,528,4,
190,759,4,
190,410,4,
190,627,4,
190,174,5,
190,228,3,
190,143,5,
190,1276,3,
190,436,4,
190,581,4,
190,190,5,
190,213,5,
190,394,5,
190,376,4,
190,106,3,
190,270,4,
190,625,4,
190,250,2,
190,1043,4,
190,420,3,
190,77,2,
190,272,3,
190,1054,3,
190,511,4,
190,574,4,
190,396,2,
190,604,3,
190,402,4,
190,418,3,
190,266,3,
190,1069,4,
190,572,2,
190,546,3,
190,411,4,
190,458,3,
190,167,5,
190,111,3,
190,200,4,
190,650,5,
190,737,2,
190,397,4,
190,447,5,
190,665,4,
190,137,4,
190,46,5,
190,257,3,
190,471,3,
190,64,4,
190,289,4,
190,319,2,
190,416,2,
190,534,4,
190,27,4,
190,1131,3,
190,40,4,
190,533,4,
190,52,3,
190,323,3,
190,122,3,
190,259,1,
190,159,4,
190,15,3,
190,32,4,
190,556,2,
190,35,4,
190,663,3,
190,592,5,
190,540,4,
190,48,5,
190,329,3,
190,488,5,
190,318,4,
190,165,5,
190,417,4,
190,549,4,
190,263,2,
190,181,3,
190,530,4,
190,251,5,
190,571,3,
190,617,4,
190,301,5,
190,90,5,
190,232,5,
190,687,4,
190,591,4,
190,156,5,
190,1192,4,
190,408,3,
190,680,5,
190,258,5,
190,54,5,
190,539,5,
190,656,4,
190,383,5,
190,280,4,
190,878,3,
190,89,4,
190,26,4,
190,407,4,
190,626,5,
190,630,5,
190,81,3,
190,72,4,
190,624,3,
190,1050,5,
190,676,3,
190,600,4,
190,399,4,
190,296,5,
190,472,5,
190,637,5,
190,275,4,
190,764,5,
190,427,4,
190,739,3,
190,314,3,
190,649,4,
190,564,5,
190,772,4,
190,216,4,
190,209,3,
190,196,4,
190,423,4,
190,79,4,
190,613,3,
190,76,4,
190,113,5,
190,675,4,
190,2,4,
191,527,4,
191,99,4,
191,394,4,
191,245,4,
191,261,3,
191,598,3,
191,260,3,5;191:260;4 235;191:260;4 67;191:260;4 143;191:260;4 113;191:260;4 129;191:260;4 69;191:260;4 8;191:260;4 4;191:260;4 97;191:260;4 180;191:260;4 101;191:260;4 497;191:260;4 96;191:260;4 308;191:260;4 63;191:260;4
191,319,2,
191,6,4,
191,437,5,
191,33,2,
191,490,2,
191,589,5,
191,42,4,
191,263,3,
191,556,3,
191,40,3,
191,1192,2,
191,581,4,
191,186,4,
191,643,4,
191,599,3,
191,684,3,5;191:684;4 235;191:684;4 9;191:684;4 318;191:684;4 409;191:684;4 0;191:684;4 4;191:684;4 465;191:684;4 397;191:684;4 504;191:684;4 84;191:684;4 115;191:684;4 122;191:684;4 319;191:684;4 279;191:684;5 110;191:684;4
191,258,4,
191,1037,2,
191,762,4,
191,955,3,
191,137,5,
191,314,4,
191,1131,4,
191,86,4,
191,103,5,
191,516,3,
191,408,4,
191,163,3,
191,532,4,
191,151,3,
191,55,4,
228,245,5,
228,730,3,235;228:730;4 7;228:730;4 67;228:730;4 88;228:730;4 113;228:730;4 409;228:730;4 185;228:730;4 0;228:730;4 465;228:730;4 101;228:730;4 84;228:730;4 395;228:730;4 306;228:730;4 179;228:730;4 63;228:730;5 110;228:730;4
228,1115,2,
228,626,5,
228,630,4,
228,54,4,
228,550,4,
228,617,2,
228,279,3,
228,76,2,
228,642,3,
228,629,2,
228,737,3,
228,79,3,
228,143,5,
235,263,2,432;235:263;4 289;235:263;4 5;235:263;4 310;235:263;4 143;235:263;4 9;235:263;4 318;235:263;4 409;235:263;4 123;235:263;4 6;235:263;4 4;235:263;4 504;235:263;4 84;235:263;4 395;235:263;4 115;235:263;4 228;235:263;4 308;235:263;4 11;235:263;4 276;235:263;4
235,179,5,5;235:179;4 129;235:179;4 60;235:179;5 9;235:179;4 409;235:179;4 123;235:179;4 0;235:179;4 2;235:179;4 4;235:179;4 504;235:179;4 395;235:179;4 115;235:179;4 306;235:179;5 308;235:179;4 122;235:179;4 319;235:179;4 136;235:179;4 110;235:179;4
235,330,4,
235,133,4,5;235:133;4 60;235:133;4 9;235:133;4 151;235:133;4 409;235:133;4 123;235:133;4 144;235:133;4 6;235:133;4 0;235:133;4 504;235:133;4 84;235:133;4 395;235:133;4 115;235:133;4 308;235:133;4 58;235:133;4 384;235:133;4 319;235:133;4 136;235:133;4
235,566,2,
235,683,4,
235,213,5,
235,766,1,
276,643,4,
276,260,4,
276,138,5,
276,605,5,
276,684,4,
276,167,5,
276,287,5,
276,560,4,
276,111,5,
278,510,4,
278,249,4,
278,32,4,
278,533,4,
278,330,5,
278,132,5,
278,186,4,
278,642,4,
278,492,5,
278,232,5,
278,686,5,
278,289,5,
278,239,5,
278,1050,5,
278,591,5,
278,636,5,
278,60,5,
278,73,4,
279,35,5,
279,565,5,5;279:565;4 235;279:565;4 7;279:565;4 88;279:565;4 9;279:565;4 318;279:565;4 191;279:565;4 311;279:565;4 398;279:565;4 151;279:565;4 123;279:565;4 6;279:565;5 397;279:565;4 469;279:565;4 115;279:565;4 306;279:565;4 399;279:565;4 319;279:565;4 136;279:565;4 483;279:565;4
279,76,4,
279,676,4,432;279:676;4 235;279:676;4 7;279:676;4 143;279:676;4 60;279:676;4 9;279:676;4 151;279:676;4 123;279:676;4 6;279:676;4 2;279:676;4 4;279:676;4 504;279:676;4 497;279:676;4 395;279:676;5 500;279:676;4 190;279:676;4
279,680,5,
279,1131,1,
288,0,4,235;288:0;4 310;288:0;4 67;288:0;5 143;288:0;4 129;288:0;4 189;288:0;5 442;288:0;5 8;288:0;4 1;288:0;5 293;288:0;4 97;288:0;5 180;288:0;4 101;288:0;5 395;288:0;5 96;288:0;5 90;288:0;5 433;288:0;5 107;288:0;5 174;288:0;5 187;288:0;4
288,732,4,
288,1010,4,
288,1044,4,
288,435,4,
288,455,4,5;288:455;4 310;288:455;4 67;288:455;4 189;288:455;4 69;288:455;4 290;288:455;4 8;288:455;4 123;288:455;4 1;288:455;4 0;288:455;4 4;288:455;4 180;288:455;4 99;288:455;4 101;288:455;5 96;288:455;4 90;288:455;4 132;288:455;4 95;288:455;4 407;288:455;4
288,733,4,
288,1013,5,
288,469,3,5;288:469;4 7;288:469;4 310;288:469;4 67;288:469;4 143;288:469;4 113;288:469;4 398;288:469;4 465;288:469;4 97;288:469;4 101;288:469;4 329;288:469;3 308;288:469;4 433;288:469;4 63;288:469;4 110;288:469;4 459;288:469;4
288,428,4,
288,266,4,
289,630,5,
289,590,3,
289,144,5,
289,680,5,
289,103,4,
289,626,5,
290,487,1,289;290:487;5 235;290:487;4 7;290:487;5 67;290:487;5 189;290:487;5 9;290:487;4 8;290:487;4 1;290:487;5 0;290:487;4 4;290:487;4 97;290:487;5 180;290:487;5 99;290:487;5 101;290:487;5 308;290:487;4 132;290:487;4 63;290:487;4 82;290:487;4 110;290:487;4
290,460,4,289;290:460;5 5;290:460;5 235;290:460;4 67;290:460;5 143;290:460;4 189;290:460;4 69;290:460;4 1;290:460;4 185;290:460;4 0;290:460;4 2;290:460;4 97;290:460;5 180;290:460;5 99;290:460;5 101;290:460;5 89;290:460;4 308;290:460;5 100;290:460;5 103;290:460;4 63;290:460;4 178;290:460;5 94;290:460;4
290,393,5,289;290:393;5 235;290:393;4 7;290:393;4 143;290:393;4 129;290:393;4 189;290:393;4 9;290:393;4 442;290:393;4 410;290:393;4 1;290:393;4 6;290:393;4 185;290:393;4 0;290:393;4 465;290:393;4 97;290:393;4 99;290:393;5 101;290:393;5 84;290:393;4 115;290:393;4 122;290:393;4 100;290:393;5 314;290:393;4 107;290:393;5 179;290:393;4 63;290:393;4 110;290:393;4 94;290:393;4
290,571,4,
290,512,4,
290,629,1,
293,6,5,
293,131,4,
293,715,5,
293,609,5,
293,403,5,
293,239,5,
306,466,1,5;306:466;4 67;306:466;5 143;306:466;4 113;306:466;4 9;306:466;4 191;306:466;4 1;306:466;4 0;306:466;4 4;306:466;5 397;306:466;4 99;306:466;4 504;306:466;4 497;306:466;4 96;306:466;4 122;306:466;5 319;306:466;4 73;306:466;4 288;306:466;5
306,437,5,
306,730,4,
306,376,4,310;306:376;5 67;306:376;5 143;306:376;4 88;306:376;4 9;306:376;4 69;306:376;4 398;306:376;5 1;306:376;5 185;306:376;4 0;306:376;5 101;306:376;4 329;306:376;4 497;306:376;5 395;306:376;4 228;306:376;4 399;306:376;4 73;306:376;5 190;306:376;5 94;306:376;5
306,436,5,
306,1063,3,
306,562,5,
306,14,4,
306,462,3,
306,441,3,
306,468,3,
306,572,3,310;306:572;5 143;306:572;4 88;306:572;4 113;306:572;5 318;306:572;5 191;306:572;5 69;306:572;4 151;306:572;4 1;306:572;4 6;306:572;5 4;306:572;5 465;306:572;5 101;306:572;5 504;306:572;4 497;306:572;5 399;306:572;5
306,521,5,5;306:521;4 7;306:521;4 310;306:521;4 143;306:521;4 9;306:521;4 318;306:521;4 191;306:521;4 398;306:521;5 6;306:521;5 0;306:521;4 397;306:521;4 504;306:521;4 497;306:521;5 308;306:521;4 122;306:521;4 396;306:521;4
306,531,4,
306,517,4,
306,35,3,
306,534,5,
306,433,5,
306,249,1,7;306:249;4 143;306:249;4 9;306:249;4 191;306:249;4 311;306:249;4 398;306:249;4 151;306:249;4 409;306:249;4 0;306:249;4 465;306:249;4 397;306:249;4 329;306:249;4 504;306:249;4 115;306:249;4 399;306:249;4 459;306:249;4
306,746,4,60;306:746;4 9;306:746;4 318;306:746;4 191;306:746;4 311;306:746;4 398;306:746;4 409;306:746;4 123;306:746;4 6;306:746;4 0;306:746;4 4;306:746;4 397;306:746;4 504;306:746;4 115;306:746;4 412;306:746;4 483;306:746;4
306,256,4,
306,411,5,
306,550,2,
306,59,3,
306,251,5,
306,396,5,
306,28,5,
306,258,5,
306,40,5,432;306:40;4 5;306:40;4 235;306:40;4 7;306:40;4 310;306:40;4 143;306:40;4 9;306:40;4 318;306:40;4 191;306:40;4 311;306:40;5 398;306:40;4 409;306:40;4 123;306:40;4 1;306:40;5 0;306:40;4 465;306:40;4 397;306:40;4 504;306:40;4 122;306:40;5 319;306:40;4 279;306:40;5
306,560,5,
306,390,2,
306,187,1,
306,1192,1,
306,90,5,
306,1019,5,
306,143,5,
306,89,5,
306,633,4,
306,260,5,
306,21,5,
306,420,3,
306,423,5,
306,266,5,7;306:266;4 9;306:266;4 69;306:266;4 151;306:266;4 123;306:266;4 6;306:266;4 0;306:266;4 2;306:266;4 497;306:266;4 395;306:266;4 320;306:266;4 141;306:266;4 319;306:266;4 500;306:266;4 279;306:266;4 136;306:266;4 110;306:266;4
306,526,5,
306,677,4,
306,421,4,
306,286,2,
306,45,4,
306,79,5,
306,121,4,
306,683,5,
306,213,5,
306,144,5,
306,383,5,
306,492,5,
306,409,5,
308,245,4,
308,1044,4,
308,413,3,
308,149,3,
308,128,5,88;308:128;4 129;308:128;4 189;308:128;4 9;308:128;4 69;308:128;4 409;308:128;4 1;308:128;4 2;308:128;4 4;308:128;4 465;308:128;4 180;308:128;4 99;308:128;4 504;308:128;4 497;308:128;4 395;308:128;4 96;308:128;4 90;308:128;4 433;308:128;4 187;308:128;4 178;308:128;4 94;308:128;4
308,1052,3,235;308:1052;4 67;308:1052;4 129;308:1052;4 189;308:1052;4 9;308:1052;4 191;308:1052;4 69;308:1052;4 442;308:1052;4 409;308:1052;4 1;308:1052;4 293;308:1052;4 4;308:1052;4 465;308:1052;4 180;308:1052;4 99;308:1052;4 497;308:1052;4 395;308:1052;5 433;308:1052;4 132;308:1052;4 174;308:1052;4 110;308:1052;4
308,280,4,5;308:280;4 67;308:280;4 143;308:280;4 129;308:280;4 189;308:280;4 6;308:280;4 2;308:280;4 4;308:280;4 465;308:280;4 180;308:280;4 497;308:280;4 395;308:280;4 90;308:280;4 433;308:280;4 132;308:280;4 174;308:280;4 187;308:280;4 95;308:280;4
308,1010,4,
308,993,3,
308,314,4,
308,420,3,5;308:420;4 67;308:420;4 189;308:420;4 9;308:420;4 69;308:420;4 8;308:420;4 1;308:420;4 293;308:420;4 4;308:420;4 180;308:420;4 99;308:420;4 504;308:420;4 497;308:420;4 90;308:420;4 141;308:420;4 178;308:420;4 94;308:420;4
308,1060,4,5;308:1060;4 235;308:1060;4 67;308:1060;4 189;308:1060;4 9;308:1060;4 442;308:1060;4 8;308:1060;5 409;308:1060;4 2;308:1060;5 4;308:1060;4 180;308:1060;4 99;308:1060;4 101;308:1060;4 426;308:1060;4 504;308:1060;4 497;308:1060;4 84;308:1060;4 96;308:1060;5 90;308:1060;4 433;308:1060;4 132;308:1060;4 73;308:1060;4 407;308:1060;4
308,17,4,5;308:17;4 235;308:17;4 67;308:17;4 143;308:17;4 88;308:17;4 189;308:17;5 9;308:17;4 69;308:17;4 8;308:17;5 4;308:17;4 465;308:17;4 180;308:17;4 99;308:17;4 89;308:17;4 426;308:17;4 504;308:17;4 497;308:17;5 84;308:17;4 115;308:17;5 90;308:17;4 433;308:17;4 94;308:17;4
308,732,4,5;308:732;4 7;308:732;4 67;308:732;5 129;308:732;4 189;308:732;5 9;308:732;4 69;308:732;4 290;308:732;5 8;308:732;4 185;308:732;5 293;308:732;4 4;308:732;4 97;308:732;4 180;308:732;4 99;308:732;4 101;308:732;4 504;308:732;5 497;308:732;5 96;308:732;4 433;308:732;4 107;308:732;5 63;308:732;4 187;308:732;4 110;308:732;4 464;308:732;4
308,1041,4,5;308:1041;4 67;308:1041;4 143;308:1041;4 113;308:1041;5 129;308:1041;4 189;308:1041;4 69;308:1041;4 442;308:1041;4 8;308:1041;4 185;308:1041;5 0;308:1041;5 4;308:1041;4 180;308:1041;4 99;308:1041;5 101;308:1041;5 504;308:1041;4 497;308:1041;5 433;308:1041;4 107;308:1041;5 463;308:1041;5 110;308:1041;4
308,78,4,5;308:78;4 235;308:78;4 67;308:78;4 129;308:78;4 191;308:78;4 69;308:78;4 290;308:78;4 409;308:78;4 185;308:78;5 4;308:78;4 97;308:78;4 180;308:78;5 101;308:78;4 504;308:78;4 497;308:78;4 96;308:78;4 132;308:78;4 463;308:78;4 110;308:78;4
308,426,4,5;308:426;4 235;308:426;4 67;308:426;4 143;308:426;4 69;308:426;4 290;308:426;4 8;308:426;4 185;308:426;4 4;308:426;4 97;308:426;4 180;308:426;4 99;308:426;4 101;308:426;4 504;308:426;4 497;308:426;4 288;308:426;4 110;308:426;4
308,660,3,5;308:660;4 235;308:660;3 310;308:660;4 67;308:660;4 129;308:660;4 189;308:660;4 69;308:660;4 290;308:660;4 8;308:660;4 185;308:660;3 0;308:660;4 2;308:660;4 4;308:660;4 465;308:660;4 97;308:660;4 180;308:660;4 99;308:660;4 101;308:660;4 96;308:660;4 433;308:660;4 141;308:660;4 63;308:660;4 178;308:660;3 95;308:660;4 407;308:660;4
308,65,4,5;308:65;4 191;308:65;4 69;308:65;4 290;308:65;4 1;308:65;4 0;308:65;4 4;308:65;4 465;308:65;4 180;308:65;4 99;308:65;4 101;308:65;4 504;308:65;4 63;308:65;4 288;308:65;4 190;308:65;4 110;308:65;4
308,428,4,7;308:428;4 67;308:428;4 143;308:428;4 88;308:428;4 290;308:428;4 0;308:428;4 2;308:428;4 4;308:428;4 465;308:428;4 97;308:428;4 180;308:428;4 99;308:428;4 101;308:428;4 504;308:428;4 497;308:428;4 141;308:428;4 73;308:428;4 63;308:428;4 288;308:428;4
308,501,4,
308,521,4,
308,487,4,5;308:487;4 7;308:487;4 191;308:487;4 1;308:487;4 185;308:487;4 0;308:487;4 293;308:487;4 4;308:487;4 469;308:487;4 99;308:487;4 426;308:487;4 504;308:487;4 395;308:487;4 181;308:487;4 433;308:487;4 132;308:487;4 98;308:487;4 107;308:487;4 459;308:487;4
308,666,4,
308,416,4,
308,524,4,
308,99,3,
308,14,4,
308,656,4,
308,251,5,
308,556,4,
308,159,3,
308,52,3,
308,2,4,
308,263,3,
308,527,3,
308,604,4,
308,1131,4,
308,54,4,
308,36,4,
308,277,4,
308,42,3,
308,32,4,
308,94,4,
308,393,5,
308,271,4,
308,279,3,
308,63,4,
308,275,4,
308,253,5,
308,81,2,
308,282,4,
308,77,4,
308,590,3,
308,543,4,
308,228,5,
308,378,4,
308,419,4,
308,510,4,
308,100,4,
308,143,4,
308,650,5,
308,512,5,432;308:512;4 7;308:512;4 60;308:512;4 9;308:512;4 191;308:512;4 151;308:512;4 8;308:512;4 144;308:512;4 6;308:512;4 0;308:512;4 293;308:512;4 2;308:512;4 4;308:512;4 395;308:512;4 500;308:512;4 279;308:512;4 278;308:512;4
308,959,4,
308,617,4,
308,1146,3,
308,45,3,
308,633,3,
308,1031,2,432;308:1031;4 7;308:1031;4 129;308:1031;4 9;308:1031;4 191;308:1031;4 151;308:1031;4 8;308:1031;4 409;308:1031;4 123;308:1031;4 6;308:1031;5 0;308:1031;4 4;308:1031;4 84;308:1031;4 395;308:1031;4 306;308:1031;5 320;308:1031;5 500;308:1031;4 472;308:1031;4
308,287,4,
308,329,3,
308,605,4,
308,585,4,
308,308,5,
308,644,2,
308,762,3,
308,132,4,
308,103,5,
308,131,3,
308,683,5,
308,665,3,
308,120,4,
308,138,5,
310,422,2,
310,530,1,
310,251,5,
310,32,5,7;310:32;5 9;310:32;4 318;310:32;4 311;310:32;4 398;310:32;4 151;310:32;4 8;310:32;4 409;310:32;4 123;310:32;5 0;310:32;4 4;310:32;4 504;310:32;4 395;310:32;4 115;310:32;4 306;310:32;4 308;310:32;4 279;310:32;4 472;310:32;4
310,89,5,
310,402,4,
311,1276,3,
311,592,5,
311,565,5,
311,571,5,
311,505,3,5;311:505;4 7;311:505;4 9;311:505;4 318;311:505;4 409;311:505;4 123;311:505;4 6;311:505;4 0;311:505;4 2;311:505;4 469;311:505;4 101;311:505;4 306;311:505;4 488;311:505;4 181;311:505;4 399;311:505;4 396;311:505;4 466;311:505;4
311,270,5,
311,403,5,
311,423,4,
311,657,4,
311,228,1,
311,772,4,
311,98,4,
311,138,5,
311,45,4,
311,677,4,
311,632,5,
311,605,5,
311,762,4,
311,198,5,
311,263,4,
314,447,5,5;314:447;4 235;314:447;4 7;314:447;4 310;314:447;4 67;314:447;4 113;314:447;4 185;314:447;4 0;314:447;4 180;314:447;4 99;314:447;4 101;314:447;4 426;314:447;4 329;314:447;4 84;314:447;4 115;314:447;4 96;314:447;4 107;314:447;5 179;314:447;4
314,450,5,
314,428,4,
314,463,4,
314,759,5,5;314:759;4 7;314:759;4 143;314:759;4 9;314:759;4 69;314:759;4 398;314:759;4 123;314:759;4 6;314:759;4 0;314:759;4 469;314:759;4 101;314:759;5 181;314:759;4 399;314:759;4 466;314:759;4 472;314:759;5 110;314:759;4
314,657,3,
314,52,4,289;314:52;4 5;314:52;4 235;314:52;4 7;314:52;4 9;314:52;4 398;314:52;4 409;314:52;4 123;314:52;4 0;314:52;4 397;314:52;4 469;314:52;4 89;314:52;4 58;314:52;4 399;314:52;4 11;314:52;4 190;314:52;4 110;314:52;4
314,422,2,
314,7,3,
314,396,4,
314,549,5,
314,187,4,
314,28,3,
318,574,5,
318,1060,4,
318,731,5,
318,468,5,
318,319,1,
318,644,5,
318,619,3,
318,551,4,
318,1023,2,
318,86,5,
318,453,5,
318,434,5,
318,666,4,
318,1063,5,
318,1062,5,
318,1069,5,
318,466,3,
318,462,5,
318,27,3,
318,35,3,
318,517,5,
318,376,5,
318,455,1,310;318:455;4 67;318:455;4 143;318:455;4 129;318:455;4 191;318:455;4 1;318:455;4 0;318:455;4 101;318:455;4 497;318:455;4 395;318:455;4 115;318:455;4 433;318:455;4 399;318:455;4 473;318:455;4 73;318:455;4 190;318:455;4 463;318:455;4
318,546,5,
318,397,5,
318,657,4,
318,442,2,
318,565,5,
318,534,5,
318,531,5,
318,521,5,
318,418,5,
318,396,5,
318,415,5,
318,265,5,
318,420,5,
318,599,5,5;318:599;3 235;318:599;3 7;318:599;3 9;318:599;3 191;318:599;3 398;318:599;4 410;318:599;4 0;318:599;3 4;318:599;3 397;318:599;3 89;318:599;4 115;318:599;3 306;318:599;3 308;318:599;3 58;318:599;3 396;318:599;3 319;318:599;3 136;318:599;3 110;318:599;4
318,411,5,5;318:411;4 235;318:411;4 7;318:411;4 9;318:411;4 191;318:411;4 398;318:411;4 123;318:411;4 6;318:411;4 0;318:411;4 4;318:411;4 115;318:411;4 306;318:411;4 308;318:411;4 122;318:411;4 399;318:411;4 110;318:411;4 276;318:411;4
318,622,5,
318,943,5,
318,410,4,
318,200,5,
318,421,5,7;318:421;4 310;318:421;4 9;318:421;4 191;318:421;4 311;318:421;4 398;318:421;4 123;318:421;4 6;318:421;4 2;318:421;4 395;318:421;4 115;318:421;4 306;318:421;4 308;318:421;4 122;318:421;4 279;318:421;4 110;318:421;4
318,560,5,
318,389,5,
318,637,5,
318,561,5,
318,253,1,310;318:253;4 143;318:253;4 60;318:253;4 9;318:253;4 191;318:253;4 311;318:253;4 398;318:253;4 0;318:253;4 4;318:253;4 84;318:253;4 395;318:253;4 115;318:253;4 308;318:253;4 122;318:253;4 279;318:253;4 136;318:253;4 110;318:253;4
318,408,5,
318,42,4,
318,209,5,
318,216,4,
318,101,3,
318,292,5,
318,259,1,
318,82,5,
318,607,5,
318,383,5,
318,111,4,
318,98,1,
318,15,5,
318,239,5,
318,609,5,
318,1076,5,
318,904,3,
318,149,5,
318,939,5,
319,511,4,
319,187,3,5;319:187;4 235;319:187;4 7;319:187;4 143;319:187;4 113;319:187;5 9;319:187;4 318;319:187;4 191;319:187;4 311;319:187;4 398;319:187;4 409;319:187;4 123;319:187;4 0;319:187;4 397;319:187;4 306;319:187;4 483;319:187;4
319,181,3,
319,251,4,
319,433,5,5;319:433;4 235;319:433;4 143;319:433;4 113;319:433;5 9;319:433;4 318;319:433;4 191;319:433;4 311;319:433;4 398;319:433;4 409;319:433;4 123;319:433;4 0;319:433;4 469;319:433;4 504;319:433;4 115;319:433;4 306;319:433;4 279;319:433;4
319,509,3,
319,270,4,
320,637,5,
320,292,5,
320,959,5,
320,746,4,
320,526,4,
320,427,3,
320,315,3,
320,103,4,
320,213,5,
320,145,4,
320,300,5,432;320:300;4 5;320:300;4 129;320:300;4 9;320:300;4 151;320:300;4 409;320:300;5 123;320:300;4 0;320:300;4 2;320:300;4 4;320:300;4 329;320:300;4 504;320:300;5 395;320:300;4 308;320:300;4 500;320:300;5 11;320:300;4
320,378,5,
320,955,4,
329,469,4,
329,529,5,
329,249,4,
329,287,2,
329,72,4,
329,471,3,
329,503,5,
384,772,5,
384,220,5,
384,232,5,
384,591,5,
384,492,4,
384,156,5,
384,186,5,
395,564,1,
395,275,4,
395,550,4,432;395:550;4 235;395:550;4 7;395:550;4 129;395:550;4 60;395:550;4 9;395:550;4 151;395:550;4 409;395:550;4 123;395:550;4 6;395:550;4 2;395:550;4 4;395:550;4 465;395:550;4 426;395:550;4 504;395:550;4 308;395:550;4 122;395:550;4 508;395:550;4 58;395:550;4 319;395:550;4 132;395:550;4 279;395:550;4 136;395:550;4
395,420,3,
395,78,3,432;395:78;4 5;395:78;4 7;395:78;4 143;395:78;3 129;395:78;4 60;395:78;3 9;395:78;3 151;395:78;4 410;395:78;4 123;395:78;4 144;395:78;4 6;395:78;4 0;395:78;4 293;395:78;4 2;395:78;3 4;395:78;4 329;395:78;3 504;395:78;4 84;395:78;4 308;395:78;4 319;395:78;4 500;395:78;4 278;395:78;4 190;395:78;4
395,266,4,5;395:266;4 235;395:266;4 143;395:266;4 129;395:266;4 9;395:266;3 69;395:266;4 151;395:266;4 123;395:266;4 6;395:266;4 0;395:266;4 2;395:266;4 504;395:266;4 308;395:266;4 320;395:266;4 132;395:266;5 500;395:266;4 136;395:266;4 110;395:266;4 276;395:266;4
395,270,3,432;395:270;3 7;395:270;4 143;395:270;3 60;395:270;2 9;395:270;3 123;395:270;2 6;395:270;3 2;395:270;3 4;395:270;3 504;395:270;4 308;395:270;4 320;395:270;4 132;395:270;3 279;395:270;3 190;395:270;4 110;395:270;4 276;395:270;3
395,145,4,432;395:145;3 235;395:145;3 7;395:145;4 129;395:145;4 60;395:145;3 9;395:145;3 123;395:145;3 6;395:145;4 0;395:145;4 293;395:145;4 2;395:145;3 4;395:145;3 504;395:145;4 308;395:145;4 122;395:145;4 319;395:145;4 279;395:145;4 278;395:145;4 190;395:145;4
396,533,4,
396,260,4,
396,571,5,
396,26,3,
396,32,5,
396,90,5,
396,1192,1,
397,732,5,5;397:732;4 9;397:732;4 69;397:732;4 290;397:732;4 8;397:732;4 409;397:732;4 185;397:732;4 293;397:732;4 4;397:732;4 469;397:732;4 97;397:732;4 180;397:732;4 99;397:732;4 101;397:732;4 497;397:732;4 179;397:732;4
397,993,1,
397,660,4,
397,415,3,
397,251,4,
397,540,5,
398,14,4,5;398:14;4 7;398:14;4 67;398:14;4 143;398:14;4 88;398:14;4 113;398:14;5 191;398:14;4 8;398:14;4 409;398:14;5 1;398:14;4 0;398:14;4 4;398:14;4 465;398:14;4 469;398:14;5 97;398:14;4 99;398:14;4 101;398:14;5 115;398:14;5 103;398:14;5 179;398:14;5 63;398:14;4 288;398:14;5 190;398:14;4 178;398:14;4
398,450,4,289;398:450;5 235;398:450;4 67;398:450;4 143;398:450;4 9;398:450;3 290;398:450;4 409;398:450;4 185;398:450;3 0;398:450;4 2;398:450;4 4;398:450;4 97;398:450;4 180;398:450;4 101;398:450;4 426;398:450;4 84;398:450;4 395;398:450;4 433;398:450;4 100;398:450;4 314;398:450;4 107;398:450;4 179;398:450;4 288;398:450;4 94;398:450;4
398,521,5,310;398:521;5 67;398:521;5 143;398:521;4 88;398:521;4 191;398:521;4 69;398:521;4 290;398:521;5 410;398:521;5 6;398:521;4 4;398:521;4 469;398:521;5 97;398:521;4 101;398:521;5 497;398:521;4 395;398:521;5 115;398:521;5 308;398:521;4 181;398:521;4 122;398:521;4 100;398:521;4 314;398:521;4 103;398:521;4 107;398:521;5 73;398:521;5 179;398:521;5 288;398:521;4 190;398:521;4 94;398:521;4 459;398:521;4
398,487,4,289;398:487;5 5;398:487;5 7;398:487;5 318;398:487;4 69;398:487;4 0;398:487;5 4;398:487;5 397;398:487;4 101;398:487;5 504;398:487;4 497;398:487;5 181;398:487;5 111;398:487;4 314;398:487;4 107;398:487;5 94;398:487;5
398,657,3,
398,556,4,289;398:556;5 5;398:556;4 7;398:556;4 9;398:556;4 318;398:556;4 191;398:556;4 69;398:556;4 0;398:556;4 2;398:556;4 4;398:556;5 397;398:556;4 469;398:556;5 101;398:556;5 306;398:556;4 488;398:556;4 181;398:556;5 122;398:556;5 433;398:556;4 399;398:556;4 396;398:556;4 314;398:556;4 412;398:556;4 190;398:556;4 94;398:556;5
398,64,5,289;398:64;5 5;398:64;4 7;398:64;4 143;398:64;4 9;398:64;4 318;398:64;4 191;398:64;4 69;398:64;4 8;398:64;5 410;398:64;4 409;398:64;5 6;398:64;5 4;398:64;4 469;398:64;5 101;398:64;4 488;398:64;4 181;398:64;4 122;398:64;5 399;398:64;5 396;398:64;4 103;398:64;4 468;398:64;4 472;398:64;4 412;398:64;5 190;398:64;4 94;398:64;4
398,251,5,289;398:251;5 5;398:251;5 7;398:251;5 143;398:251;4 9;398:251;4 318;398:251;5 191;398:251;4 69;398:251;4 123;398:251;4 6;398:251;5 0;398:251;5 4;398:251;4 397;398:251;5 469;398:251;5 101;398:251;5 306;398:251;5 488;398:251;4 181;398:251;5 399;398:251;4 396;398:251;5 314;398:251;5 468;398:251;4 483;398:251;5 110;398:251;4
398,388,5,289;398:388;5 5;398:388;5 235;398:388;4 7;398:388;4 310;398:388;4 67;398:388;5 143;398:388;4 9;398:388;4 191;398:388;4 69;398:388;4 311;398:388;4 409;398:388;4 6;398:388;4 0;398:388;4 2;398:388;4 4;398:388;4 397;398:388;4 469;398:388;5 504;398:388;4 306;398:388;5 228;398:388;4 181;398:388;4 111;398:388;4 122;398:388;5 396;398:388;4 466;398:388;4 472;398:388;5 278;398:388;5
398,1054,4,289;398:1054;5 5;398:1054;4 7;398:1054;4 310;398:1054;4 67;398:1054;5 143;398:1054;4 9;398:1054;4 311;398:1054;4 6;398:1054;5 0;398:1054;4 4;398:1054;4 397;398:1054;4 469;398:1054;5 306;398:1054;5 122;398:1054;5 399;398:1054;5 396;398:1054;4 466;398:1054;4 468;398:1054;5 472;398:1054;4
398,187,4,289;398:187;5 5;398:187;5 235;398:187;4 7;398:187;4 143;398:187;4 113;398:187;5 9;398:187;4 69;398:187;4 311;398:187;4 410;398:187;4 409;398:187;4 0;398:187;4 4;398:187;4 397;398:187;5 469;398:187;5 89;398:187;5 504;398:187;4 306;398:187;4 228;398:187;4 111;398:187;5 122;398:187;4 396;398:187;4 314;398:187;4 472;398:187;5
398,416,5,5;398:416;4 7;398:416;5 310;398:416;4 88;398:416;4 9;398:416;4 69;398:416;4 311;398:416;4 409;398:416;5 4;398:416;4 465;398:416;4 397;398:416;4 469;398:416;5 89;398:416;5 84;398:416;4 115;398:416;5 111;398:416;4 122;398:416;4 58;398:416;5 399;398:416;5 396;398:416;4 466;398:416;4 314;398:416;4 468;398:416;5 472;398:416;5 190;398:416;5 110;398:416;4
398,266,3,289;398:266;5 235;398:266;4 7;398:266;5 310;398:266;4 143;398:266;4 9;398:266;4 318;398:266;4 409;398:266;4 6;398:266;5 0;398:266;5 4;398:266;5 397;398:266;5 469;398:266;5 504;398:266;4 306;398:266;4 122;398:266;5 433;398:266;4 399;398:266;5 396;398:266;4 468;398:266;4 190;398:266;5 110;398:266;4
398,613,4,
398,540,5,289;398:540;5 5;398:540;4 143;398:540;4 88;398:540;4 9;398:540;4 318;398:540;4 69;398:540;4 409;398:540;5 4;398:540;4 397;398:540;5 469;398:540;5 504;398:540;4 115;398:540;5 306;398:540;5 308;398:540;4 111;398:540;4 122;398:540;5 58;398:540;5 179;398:540;5 412;398:540;4 110;398:540;4
398,617,3,
398,215,5,5;398:215;4 235;398:215;4 7;398:215;4 310;398:215;5 9;398:215;3 318;398:215;4 311;398:215;4 123;398:215;4 1;398:215;4 4;398:215;4 397;398:215;4 469;398:215;4 504;398:215;4 84;398:215;4 115;398:215;5 306;398:215;4 111;398:215;4 141;398:215;4 179;398:215;5 110;398:215;4
398,378,5,
398,1043,5,
398,604,4,5;398:604;4 235;398:604;4 7;398:604;5 310;398:604;4 9;398:604;0 318;398:604;4 409;398:604;5 6;398:604;4 2;398:604;4 4;398:604;4 504;398:604;4 84;398:604;4 395;398:604;4 115;398:604;5 306;398:604;5 308;398:604;4 111;398:604;4
398,280,3,
398,156,4,
398,293,4,
398,220,4,5;398:220;4 7;398:220;4 310;398:220;4 9;398:220;4 6;398:220;4 0;398:220;4 4;398:220;4 89;398:220;4 504;398:220;5 395;398:220;5 115;398:220;4 306;398:220;5 122;398:220;4 58;398:220;5 319;398:220;4 11;398:220;3 279;398:220;4 110;398:220;4
398,279,5,5;398:279;4 235;398:279;4 310;398:279;4 9;398:279;4 318;398:279;4 0;398:279;4 2;398:279;4 4;398:279;4 469;398:279;4 89;398:279;4 115;398:279;4 308;398:279;4 111;398:279;4 122;398:279;5 319;398:279;4 279;398:279;4
398,258,5,
399,302,1,
399,63,4,
399,211,3,
399,574,3,
399,424,3,
399,377,1,
399,772,5,
399,665,4,
399,6,4,
399,505,3,
399,81,1,
399,687,4,
399,410,2,
399,319,4,
399,600,2,
399,715,2,
399,607,2,
399,82,5,
407,731,5,
407,21,5,289;407:21;5 5;407:21;4 67;407:21;5 129;407:21;5 189;407:21;5 9;407:21;4 69;407:21;4 8;407:21;4 409;407:21;5 6;407:21;5 293;407:21;4 4;407:21;4 180;407:21;4 99;407:21;5 101;407:21;5 96;407:21;5 433;407:21;5 314;407:21;4 107;407:21;5 463;407:21;5
407,391,4,
407,182,5,
407,466,1,
407,445,3,
407,144,5,
407,1036,4,
407,550,4,
409,766,4,
409,532,5,
409,216,5,
409,772,5,
409,6,5,
409,353,5,
409,209,5,
409,228,5,
409,211,4,
409,408,5,
410,196,4,
410,329,5,
410,383,5,
410,1276,5,
410,599,4,
410,993,4,
410,453,5,
410,450,4,
410,151,4,
410,1069,5,
410,656,5,
410,120,5,
410,534,5,
410,111,4,
410,272,5,
410,503,4,
410,762,4,
410,146,5,
410,549,5,
410,408,5,
410,35,4,
410,415,5,
410,259,1,
410,397,5,
410,396,4,
410,943,4,
410,643,5,
412,60,3,
412,494,4,
412,399,3,
412,81,2,
412,94,4,
412,260,3,
412,507,3,
426,465,4,
426,396,2,
426,659,4,
426,642,5,
426,592,4,
426,260,3,
426,550,5,
426,50,5,
426,562,4,
426,463,3,
426,441,3,
426,414,2,
426,445,5,
426,637,5,
426,1063,3,
426,386,4,
426,253,4,
426,489,3,
426,146,4,
426,14,4,
426,468,2,
426,462,3,
426,391,5,
426,528,5,
426,1041,4,
426,546,4,
426,421,4,
426,1069,5,
426,15,4,
426,521,5,
426,517,4,
432,565,5,
432,390,4,
432,101,1,5;432:101;4 7;432:101;4 129;432:101;4 9;432:101;4 151;432:101;4 123;432:101;4 6;432:101;4 0;432:101;4 465;432:101;4 504;432:101;4 395;432:101;4 115;432:101;4 308;432:101;4 122;432:101;4 11;432:101;3 279;432:101;4 136;432:101;4 110;432:101;4 276;432:101;4
432,402,5,235;432:402;4 143;432:402;4 88;432:402;4 9;432:402;4 318;432:402;4 151;432:402;4 409;432:402;4 123;432:402;4 6;432:402;4 0;432:402;4 4;432:402;4 504;432:402;4 84;432:402;4 395;432:402;4 115;432:402;4 228;432:402;4 308;432:402;4 122;432:402;4 141;432:402;4 319;432:402;4 11;432:402;4 136;432:402;4
432,939,4,7;432:939;4 60;432:939;3 9;432:939;4 318;432:939;4 151;432:939;4 123;432:939;4 6;432:939;4 0;432:939;4 2;432:939;4 504;432:939;4 395;432:939;4 115;432:939;4 306;432:939;4 122;432:939;4 58;432:939;4 11;432:939;4 279;432:939;4 136;432:939;4 276;432:939;4
432,683,5,235;432:683;3 9;432:683;3 151;432:683;4 409;432:683;4 123;432:683;4 144;432:683;3 0;432:683;4 2;432:683;4 4;432:683;4 329;432:683;2 395;432:683;4 228;432:683;3 308;432:683;4 122;432:683;4 508;432:683;5 107;432:683;4 136;432:683;5 276;432:683;4
432,676,4,
432,409,5,
432,215,4,
433,435,4,
433,466,3,
433,1041,4,
433,375,4,
433,1063,3,
433,414,3,
433,463,3,
433,500,3,
433,993,4,
433,521,4,
433,468,4,
433,450,5,
433,534,4,
433,453,4,
433,574,3,
433,565,4,
433,415,4,
433,396,1,
433,32,5,
433,509,5,
433,624,5,
433,15,4,
433,280,4,
433,422,2,
433,677,4,
433,546,3,
433,45,4,
433,287,4,
433,295,5,
433,600,4,
433,113,3,
433,318,4,
433,138,3,
433,120,5,
433,637,5,
433,111,3,
433,82,2,
433,560,4,
433,323,3,
433,378,5,
433,132,5,
433,1076,4,
433,412,5,
433,410,4,
433,939,5,
433,955,5,
433,943,4,
433,397,5,
433,200,5,
433,209,5,
433,216,5,
433,959,3,
433,878,5,
433,213,5,
442,1010,5,
442,174,5,
442,499,2,
442,35,4,
442,187,5,
442,191,5,
442,410,5,
459,1041,5,
459,1062,3,
459,376,4,
459,40,4,
459,643,4,
459,1002,3,
459,531,4,
459,377,3,
459,17,5,
459,527,4,
459,472,4,
459,121,4,
459,28,3,
459,501,3,
459,1131,3,
459,686,3,
459,308,5,
459,607,4,
459,54,3,
459,48,4,
459,251,4,
459,496,1,
459,644,3,
459,315,4,
459,263,2,
459,415,4,
459,6,4,
459,301,4,
459,609,4,
459,517,4,
459,1,2,
459,211,4,
459,187,3,
459,421,4,
459,530,2,
459,167,5,
459,249,2,
459,666,3,
459,378,4,
459,878,4,
459,280,3,
459,416,4,
459,539,4,
459,657,3,
459,565,3,
459,551,3,
459,659,2,
459,128,4,
459,396,3,
459,469,2,
459,151,5,
459,258,4,
459,471,3,
459,739,4,
459,255,4,
459,642,2,
459,285,2,
459,21,4,
459,605,5,
459,904,4,
459,543,4,
459,293,4,
459,89,3,
459,32,4,
459,656,4,
459,302,4,
459,402,4,
459,619,4,
459,383,5,
459,1146,3,
459,622,5,
459,420,2,
459,266,4,
459,295,3,
459,99,4,
459,684,5,
459,260,3,
459,412,4,
459,72,1,
459,764,5,
459,239,5,
459,762,4,
459,90,5,
459,45,1,
459,630,4,
459,626,4,
459,270,4,
459,296,5,
459,62,2,
459,494,3,
459,939,5,
459,526,5,
459,600,2,
459,146,5,
459,26,4,
459,1069,5,
463,82,3,
463,627,4,
463,81,5,
463,420,5,
463,198,5,
463,285,3,
463,279,4,
463,419,4,
463,943,3,
463,904,4,
463,624,5,
463,397,5,
463,98,3,
463,613,2,
463,581,2,
463,1076,1,
463,329,5,
463,939,5,
463,296,2,
463,1146,5,
463,644,5,
463,650,5,
463,132,4,
464,484,3,
464,447,5,
464,1059,5,
464,534,4,
464,1023,2,
464,411,5,
464,1143,5,
465,428,4,
465,447,5,
465,660,3,5;465:660;4 7;465:660;4 67;465:660;4 143;465:660;4 129;465:660;4 69;465:660;4 1;465:660;4 185;465:660;5 293;465:660;4 4;465:660;4 180;465:660;4 99;465:660;4 395;465:660;4 308;465:660;4 179;465:660;4 288;465:660;4 94;465:660;4
465,529,4,
465,468,4,
465,1060,2,5;465:1060;4 235;465:1060;4 7;465:1060;4 67;465:1060;4 143;465:1060;4 129;465:1060;4 189;465:1060;4 69;465:1060;4 290;465:1060;4 8;465:1060;4 409;465:1060;4 6;465:1060;5 185;465:1060;5 2;465:1060;4 4;465:1060;4 180;465:1060;4 99;465:1060;4 132;465:1060;5 473;465:1060;4 73;465:1060;4 94;465:1060;4
465,732,3,
465,390,2,
465,528,4,
465,531,2,
465,35,3,
465,1044,4,
465,1059,4,
465,458,1,
465,731,3,
465,455,2,
465,450,2,
465,534,2,
465,521,4,
465,533,2,
465,511,3,
465,393,2,
465,40,4,
465,500,3,5;465:500;4 7;465:500;4 67;465:500;4 143;465:500;4 129;465:500;4 189;465:500;4 69;465:500;4 290;465:500;4 442;465:500;4 8;465:500;4 1;465:500;4 0;465:500;4 4;465:500;4 180;465:500;4 99;465:500;4 101;465:500;4 96;465:500;4
465,388,3,
465,1013,1,
465,549,4,
465,571,3,
465,1043,3,
465,574,4,
465,592,2,
465,14,3,
465,417,1,
465,604,3,
465,1037,1,
465,1061,3,
465,508,2,
465,27,1,
465,46,3,
465,1062,1,
465,100,2,
465,488,3,
465,524,3,
465,434,3,5;465:434;4 235;465:434;4 7;465:434;4 67;465:434;4 88;465:434;4 189;465:434;4 9;465:434;4 8;465:434;4 409;465:434;4 1;465:434;4 6;465:434;4 185;465:434;5 0;465:434;4 4;465:434;4 97;465:434;4 180;465:434;4 99;465:434;4 101;465:434;4 94;465:434;4
465,7,2,
465,181,3,7;465:181;4 67;465:181;4 143;465:181;4 189;465:181;4 9;465:181;4 69;465:181;4 1;465:181;4 185;465:181;5 4;465:181;4 97;465:181;4 180;465:181;5 99;465:181;4 101;465:181;5 395;465:181;4 115;465:181;5 94;465:181;4
465,543,1,
465,462,3,235;465:462;4 7;465:462;4 67;465:462;4 143;465:462;4 113;465:462;4 189;465:462;4 442;465:462;4 185;465:462;4 4;465:462;4 97;465:462;4 180;465:462;4 99;465:462;4 101;465:462;4 395;465:462;4 115;465:462;4 308;465:462;4
465,414,2,
465,565,3,
465,657,1,
465,256,3,
465,475,3,
465,90,4,
465,260,3,
465,258,4,
465,539,3,
465,63,3,
465,467,1,
465,396,2,
465,1276,3,
465,64,3,
465,562,4,
465,1069,1,
465,540,4,
465,279,3,
465,421,3,
465,466,2,
465,376,3,
465,440,2,
465,459,1,
465,489,3,
465,509,3,
465,415,3,
465,517,3,
465,441,2,
465,662,3,
465,513,3,
465,286,3,
465,435,2,
465,1063,3,
465,1023,1,
465,442,3,
465,50,3,
465,77,4,
465,28,4,
465,453,3,
465,734,2,
465,48,4,
465,572,2,
465,1,1,
465,1054,1,
465,265,2,
465,76,3,
465,626,5,
465,17,3,
465,659,2,
465,469,3,
465,1192,1,
465,551,2,
465,392,3,
465,1143,4,
465,663,2,
465,21,5,
465,251,3,
465,255,3,
465,78,3,
465,624,4,
465,15,3,
465,600,4,
465,637,4,
465,36,1,
465,54,4,
465,187,1,
465,527,2,
465,499,3,
465,59,4,
465,418,3,
465,399,5,
465,289,3,
465,42,3,
465,253,3,
465,629,3,
465,630,3,
465,32,3,
465,271,5,
465,89,1,
465,550,4,
465,275,2,
465,26,4,
465,293,2,
465,627,5,
465,420,1,
465,272,2,
465,642,2,
465,266,3,
465,280,2,
465,98,1,
465,296,4,
465,656,2,
465,566,3,
465,65,4,
465,507,2,
465,614,4,
465,79,3,
465,94,2,
465,270,1,
465,617,2,
465,402,3,
465,295,1,
465,45,1,
465,675,2,
465,99,3,
465,128,4,
465,302,5,
465,1002,4,
465,133,3,
465,512,2,
465,737,3,
465,585,4,
465,423,3,
465,581,5,
465,82,4,
465,419,3,
465,378,4,
465,424,2,
465,301,2,
465,394,4,
465,144,4,
465,1146,3,
465,389,5,
465,121,4,
465,132,2,
465,377,1,
465,300,3,
465,1031,3,
465,683,5,
465,407,3,
465,145,2,
465,605,3,
465,24,4,
465,143,4,
465,182,5,
465,1019,4,
465,2,4,
465,677,4,
465,120,2,
465,633,1,
465,409,4,
465,73,4,
465,146,3,
465,308,5,
465,179,3,
465,636,2,
465,546,1,
465,680,5,
465,613,1,
465,191,3,
465,406,3,
465,138,3,
465,113,4,
465,676,3,
465,644,4,
465,649,3,
465,643,4,
465,632,2,
465,1131,2,
465,650,3,
465,684,2,
465,122,2,
465,471,4,
465,1076,1,
465,323,4,
465,739,4,
465,142,5,
465,590,1,
465,619,4,
465,165,4,
465,315,4,
465,427,2,
465,622,1,
465,413,4,
465,666,3,
465,641,3,
465,106,3,
465,607,4,
465,101,3,
465,564,4,
465,381,4,
465,314,4,
465,412,4,
465,167,4,
465,75,4,
465,330,3,
465,194,4,
465,261,4,
465,505,4,
465,163,3,
465,609,3,
465,598,4,
465,772,4,
465,159,4,
465,939,4,
465,196,3,
465,503,3,
465,904,3,
465,137,4,
465,149,4,
465,410,4,
465,561,5,
465,955,5,
465,200,4,
465,715,5,
465,878,4,
466,1041,5,
466,1,4,
466,592,5,
466,184,3,
466,442,2,
466,441,3,
466,131,3,
466,450,4,
466,484,4,
466,534,4,
466,468,3,
466,531,4,
466,759,4,
466,453,4,
466,660,3,
466,458,5,
466,1052,5,
466,1214,4,
466,508,4,
466,417,4,
466,35,4,
466,496,4,
466,517,5,
466,390,3,
466,547,5,
466,418,4,
466,509,4,
466,627,4,
466,1050,4,
466,296,4,
466,1143,4,
466,249,4,
466,393,5,
466,410,5,
466,251,5,
466,475,4,
466,187,5,
466,500,2,
466,397,5,
466,138,5,
466,533,3,
466,1276,5,
466,493,5,
466,551,5,
466,181,4,
466,524,5,
466,565,5,
466,415,5,
466,52,5,
466,392,3,
468,730,4,
468,376,2,
468,40,3,
468,604,1,
468,416,3,
468,71,5,
468,272,3,
468,540,1,
468,447,3,
468,260,3,
468,613,5,
468,52,1,
468,499,2,
468,508,5,
468,556,4,
468,549,4,
468,258,2,
468,1276,3,
468,1192,4,
468,138,4,
468,251,1,
468,589,4,
468,26,5,
468,399,3,
468,419,3,
469,14,4,
469,533,3,5;469:533;5 235;469:533;4 7;469:533;5 310;469:533;4 143;469:533;4 88;469:533;4 113;469:533;5 9;469:533;4 191;469:533;4 311;469:533;4 398;469:533;5 409;469:533;5 0;469:533;5 2;469:533;4 465;469:533;4 397;469:533;5 101;469:533;5 89;469:533;5 504;469:533;4 308;469:533;4 466;469:533;5 314;469:533;5 279;469:533;5 190;469:533;5 110;469:533;4 276;469:533;4
469,629,4,
469,675,4,5;469:675;4 235;469:675;4 7;469:675;4 143;469:675;4 9;469:675;4 409;469:675;4 0;469:675;4 4;469:675;4 397;469:675;4 497;469:675;4 115;469:675;4 306;469:675;5 308;469:675;4 122;469:675;5 136;469:675;5 412;469:675;4 110;469:675;4
469,251,5,5;469:251;5 7;469:251;5 143;469:251;5 88;469:251;4 113;469:251;5 9;469:251;4 398;469:251;5 409;469:251;4 6;469:251;5 4;469:251;4 397;469:251;4 306;469:251;5 122;469:251;5 314;469:251;5 136;469:251;5 412;469:251;4 483;469:251;5 110;469:251;5 276;469:251;4
469,418,3,5;469:418;4 7;469:418;4 143;469:418;4 129;469:418;4 9;469:418;4 191;469:418;4 311;469:418;4 398;469:418;4 409;469:418;4 6;469:418;4 0;469:418;4 397;469:418;4 115;469:418;4 306;469:418;4 111;469:418;4 122;469:418;4 399;469:418;4 319;469:418;4 103;469:418;4 136;469:418;4 412;469:418;4 459;469:418;4
472,394,5,
472,417,4,
472,657,4,
472,507,2,
472,551,4,
472,496,3,
472,295,3,
472,419,4,
472,72,4,
472,592,5,
472,82,5,
472,144,5,
472,45,4,
472,285,3,
472,512,4,
472,308,5,
472,128,2,
472,585,5,
472,146,3,
472,142,3,
472,143,4,
472,1019,5,
473,1041,5,
473,82,5,
473,375,5,
473,249,3,
473,459,5,
473,319,1,
473,517,5,
473,644,4,
473,599,4,
473,275,3,
473,431,5,
473,643,4,
473,120,5,
473,657,5,
473,131,5,
473,318,4,
473,397,4,
473,190,5,
473,402,5,
473,534,5,
473,656,5,
473,878,5,
473,993,5,
473,609,5,
473,943,4,
473,526,5,
483,302,5,
483,182,5,
483,533,2,
483,60,5,
483,253,2,
483,59,3,
483,28,4,
483,292,4,
483,220,3,
483,90,5,
483,82,4,
483,26,2,
483,73,4,
483,510,3,
483,122,5,
488,64,2,
488,422,4,
488,143,4,
488,427,1,
488,585,5,
488,133,4,
488,447,5,
488,277,5,
488,560,3,
488,546,2,
488,24,3,
488,1002,2,
488,471,1,
488,684,5,
488,308,5,
488,142,2,
488,686,5,
488,179,2,
488,106,3,
488,412,5,
488,167,5,
488,163,3,
488,598,3,
497,375,3,
497,145,4,432;497:145;4 235;497:145;4 7;497:145;5 143;497:145;4 9;497:145;4 191;497:145;5 151;497:145;4 123;497:145;4 6;497:145;5 293;497:145;4 2;497:145;5 4;497:145;4 504;497:145;4 84;497:145;4 122;497:145;4 320;497:145;5 384;497:145;4 500;497:145;5 279;497:145;5
497,1214,5,
497,186,4,
497,959,5,
497,25,4,
497,403,4,
500,65,5,
500,629,3,
500,188,1,
500,1146,4,
500,409,1,
500,215,4,
500,72,4,
504,657,4,5;504:657;4 235;504:657;4 7;504:657;4 67;504:657;4 143;504:657;4 113;504:657;4 189;504:657;4 69;504:657;4 8;504:657;4 6;504:657;4 293;504:657;4 180;504:657;4 99;504:657;4 141;504:657;4 58;504:657;4 132;504:657;4 63;504:657;4
504,419,5,
504,1062,5,5;504:1062;4 235;504:1062;4 7;504:1062;4 310;504:1062;4 67;504:1062;4 143;504:1062;4 151;504:1062;4 1;504:1062;4 0;504:1062;4 4;504:1062;4 97;504:1062;4 180;504:1062;4 99;504:1062;4 101;504:1062;4 84;504:1062;4 395;504:1062;5 115;504:1062;5 308;504:1062;4 122;504:1062;5 179;504:1062;5 459;504:1062;4
504,420,4,
504,265,4,
504,624,5,
504,604,4,
504,1043,5,
504,574,4,
504,1037,3,
504,402,5,
504,111,4,
504,1131,5,
504,1069,5,
504,89,4,
504,666,3,
504,82,5,
508,256,3,
508,255,4,
508,32,5,
508,7,5,
508,607,4,
508,259,2,
508,637,4,
508,626,4,
508,260,4,
508,26,4,
508,258,5,
508,399,4,
508,406,4,
