user,item,rating
5,0,4
7,0,5
67,0,4
143,0,4
129,0,4
189,0,4
9,0,4
191,0,4
69,0,4
8,0,4
1,0,4
185,0,5
4,0,4
180,0,5
101,0,4
504,0,4
308,0,4
122,0,4
433,0,4
464,0,5
407,0,5
7,2,4
310,2,4
67,2,4
113,2,5
191,2,4
151,2,4
1,2,4
4,2,4
465,2,4
97,2,4
180,2,4
101,2,4
426,2,4
84,2,4
308,2,4
433,2,4
63,2,4
288,2,4
94,2,4
464,2,4
5,6,4
67,6,4
113,6,4
191,6,4
1,6,4
6,6,4
185,6,4
4,6,4
97,6,4
99,6,4
101,6,4
426,6,4
504,6,4
84,6,4
115,6,4
308,6,4
98,6,4
73,6,4
179,6,4
178,6,4
5,7,4
235,7,4
7,7,4
67,7,4
129,7,4
189,7,4
151,7,4
185,7,4
4,7,4
180,7,4
99,7,4
101,7,4
426,7,4
395,7,4
115,7,4
308,7,4
141,7,4
73,7,4
179,7,4
289,9,4
7,9,4
67,9,4
88,9,4
189,9,4
151,9,4
123,9,4
1,9,4
4,9,4
180,9,5
99,9,5
426,9,4
504,9,4
395,9,4
308,9,4
181,9,4
63,9,4
94,9,4
7,14,4
67,14,4
143,14,4
88,14,4
113,14,4
151,14,4
123,14,4
1,14,4
6,14,5
185,14,4
4,14,5
101,14,4
306,14,4
308,14,4
433,14,4
107,14,4
110,14,4
94,14,4
7,15,4
310,15,4
67,15,4
189,15,4
318,15,4
151,15,4
409,15,4
1,15,4
185,15,5
4,15,4
101,15,4
395,15,4
115,15,5
308,15,4
399,15,4
110,15,4
94,15,4
5,17,4
67,17,4
113,17,4
189,17,4
318,17,4
151,17,4
409,17,4
6,17,4
4,17,4
101,17,4
84,17,4
395,17,4
306,17,4
308,17,5
181,17,4
399,17,4
94,17,4
5,26,4
7,26,4
88,26,4
189,26,4
318,26,4
191,26,4
4,26,5
465,26,4
101,26,4
504,26,4
115,26,5
308,26,4
488,26,4
122,26,4
399,26,4
107,26,4
5,28,4
235,28,4
7,28,4
67,28,4
9,28,4
318,28,4
191,28,4
151,28,4
1,28,4
4,28,4
465,28,4
101,28,4
115,28,5
488,28,4
181,28,4
122,28,4
314,28,4
412,28,4
110,28,4
7,40,4
9,40,3
191,40,4
311,40,4
151,40,4
4,40,4
469,40,4
504,40,4
84,40,4
308,40,4
399,40,4
396,40,4
466,40,4
279,40,4
110,40,4
276,40,4
5,54,4
7,54,4
9,54,4
318,54,4
151,54,4
123,54,4
6,54,4
4,54,4
469,54,4
115,54,4
306,54,4
308,54,4
122,54,4
319,54,4
136,54,4
276,54,4
7,64,4
129,64,4
9,64,4
318,64,4
398,64,4
151,64,4
123,64,4
4,64,4
397,64,4
469,64,4
504,64,4
308,64,4
122,64,4
58,64,4
136,64,4
412,64,4
110,64,4
9,65,4
318,65,4
398,65,4
151,65,4
123,65,4
1,65,4
6,65,4
4,65,4
397,65,4
469,65,4
504,65,4
115,65,5
308,65,4
279,65,4
136,65,4
412,65,5
110,65,4
310,73,4
143,73,4
9,73,4
318,73,4
151,73,4
6,73,4
4,73,4
465,73,4
469,73,4
504,73,4
115,73,5
306,73,4
308,73,4
122,73,4
319,73,4
136,73,4
110,73,4
276,73,4
432,75,4
143,75,4
9,75,4
318,75,4
151,75,4
409,75,4
123,75,4
2,75,4
4,75,4
465,75,4
504,75,4
115,75,4
228,75,4
308,75,4
122,75,4
319,75,4
5,78,4
310,78,4
143,78,4
9,78,4
318,78,4
151,78,4
123,78,4
6,78,4
2,78,4
4,78,4
504,78,4
84,78,4
115,78,4
308,78,4
122,78,4
319,78,4
136,78,4
190,78,4
432,90,4
235,90,4
9,90,4
318,90,4
151,90,4
409,90,4
6,90,4
2,90,4
89,90,4
504,90,4
115,90,4
308,90,4
508,90,4
319,90,5
279,90,4
136,90,4
143,94,4
9,94,4
318,94,4
151,94,4
409,94,4
123,94,4
6,94,4
2,94,4
504,94,4
395,94,4
115,94,4
306,94,4
308,94,4
122,94,4
319,94,4
136,94,4
235,112,4
7,112,4
143,112,4
9,112,4
151,112,4
409,112,4
6,112,4
2,112,4
395,112,4
308,112,4
141,112,4
319,112,4
500,112,4
11,112,4
136,112,4
276,112,4
432,128,4
129,128,4
60,128,4
9,128,4
151,128,4
409,128,4
6,128,4
293,128,4
2,128,4
4,128,4
84,128,4
395,128,4
308,128,4
500,128,4
136,128,4
278,128,4
190,128,4
7,132,4
9,132,4
151,132,4
409,132,4
123,132,4
144,132,4
6,132,4
2,132,4
4,132,4
84,132,4
395,132,4
306,132,4
308,132,4
500,132,4
11,132,4
136,132,4
276,132,4
289,65,4
5,65,4
235,65,4
7,65,4
310,65,4
67,65,4
143,65,4
88,65,4
113,65,4
9,65,4
191,65,4
290,65,4
409,65,4
185,65,4
0,65,4
2,65,4
465,65,4
97,65,4
180,65,4
101,65,4
84,65,4
306,65,4
308,65,4
107,65,5
179,65,4
82,65,4
289,245,4
5,245,4
67,245,4
143,245,4
88,245,4
113,245,4
9,245,4
8,245,4
97,245,4
180,245,4
426,245,4
504,245,4
497,245,4
228,245,4
96,245,4
63,245,4
95,245,4
464,245,4
143,260,4
60,260,4
9,260,4
318,260,4
151,260,4
409,260,4
123,260,4
6,260,4
0,260,4
504,260,4
84,260,4
115,260,4
58,260,4
319,260,4
500,260,4
11,260,4
279,260,4
136,260,4
432,279,4
5,279,4
129,279,4
9,279,4
151,279,4
409,279,4
123,279,4
144,279,4
6,279,4
0,279,4
293,279,4
4,279,4
504,279,4
306,279,4
308,279,4
500,279,4
432,282,4
5,282,4
7,282,4
60,282,4
9,282,4
151,282,4
123,282,4
6,282,4
0,282,4
293,282,4
4,282,4
504,282,4
497,282,4
308,282,4
320,282,4
500,282,4
278,282,4
432,285,4
60,285,4
9,285,4
151,285,4
409,285,4
123,285,4
6,285,4
4,285,4
89,285,4
504,285,4
395,285,4
306,285,4
308,285,4
320,285,4
500,285,4
279,285,4
136,285,4
7,286,4
60,286,4
9,286,4
318,286,4
151,286,4
123,286,4
144,286,4
0,286,4
4,286,4
504,286,4
497,286,4
306,286,4
308,286,4
58,286,4
500,286,4
11,286,4
432,100,4
143,100,4
129,100,4
60,100,4
9,100,4
151,100,4
8,100,4
144,100,4
1,100,4
6,100,4
4,100,4
504,100,4
84,100,4
395,100,4
308,100,4
500,100,4
276,100,4
5,275,4
235,275,4
67,275,4
113,275,4
129,275,4
189,275,4
69,275,4
151,275,4
8,275,4
409,275,4
465,275,4
97,275,4
497,275,4
308,275,4
488,275,4
433,275,4
132,275,4
288,275,4
5,375,4
67,375,3
113,375,4
69,375,4
8,375,4
465,375,4
180,375,4
99,375,4
101,375,4
497,375,4
395,375,4
115,375,4
308,375,4
288,375,4
94,375,4
464,375,4
5,376,4
7,376,4
310,376,4
67,376,3
143,376,4
113,376,4
129,376,4
189,376,3
191,376,4
290,376,4
409,376,3
185,376,3
0,376,4
2,376,4
465,376,4
99,376,4
101,376,4
395,376,4
308,376,4
122,376,4
73,376,4
179,376,4
63,376,4
190,376,4
110,376,4
94,376,4
5,40,4
7,40,4
310,40,4
143,40,4
189,40,4
9,40,3
398,40,4
151,40,4
0,40,4
465,40,4
397,40,4
101,40,4
308,40,4
488,40,4
399,40,4
63,40,4
136,40,4
110,40,4
432,377,4
5,377,4
310,377,4
129,377,4
60,377,4
9,377,3
151,377,4
144,377,4
6,377,4
2,377,4
84,377,3
395,377,4
308,377,4
320,377,3
384,377,3
500,377,3
136,377,4
432,378,4
5,378,4
143,378,3
60,378,4
9,378,3
151,378,4
409,378,4
123,378,4
144,378,4
329,378,4
497,378,4
320,378,4
384,378,4
500,378,4
11,378,3
136,378,4
7,391,4
67,391,4
143,391,4
88,391,4
409,391,4
1,391,4
0,391,4
101,391,4
497,391,4
395,391,4
306,391,4
181,391,4
433,391,4
399,391,4
107,391,4
190,391,4
94,391,4
235,402,4
310,402,4
60,402,4
9,402,4
318,402,4
191,402,4
409,402,4
0,402,4
2,402,4
4,402,4
504,402,4
84,402,4
306,402,4
308,402,4
122,402,4
319,402,4
7,146,4
129,146,4
9,146,3
8,146,4
409,146,4
123,146,4
144,146,4
6,146,4
0,146,4
2,146,4
4,146,4
84,146,4
308,146,4
473,146,4
500,146,4
136,146,4
7,407,4
129,407,4
60,407,4
9,407,4
123,407,4
144,407,4
6,407,4
0,407,4
2,407,4
4,407,4
84,407,4
395,407,4
308,407,4
384,407,4
500,407,4
136,407,4
289,9,4
5,9,4
7,9,4
67,9,4
191,9,4
442,9,4
8,9,4
1,9,4
185,9,3
0,9,4
97,9,4
99,9,4
101,9,4
504,9,4
84,9,3
308,9,4
179,9,4
82,9,4
432,77,4
235,77,4
7,77,4
60,77,4
9,77,4
318,77,5
8,77,4
123,77,4
144,77,4
0,77,4
293,77,4
2,77,4
395,77,4
306,77,5
308,77,4
500,77,4
278,77,5
190,77,4
5,422,4
235,422,4
7,422,4
60,422,4
9,422,4
318,422,4
123,422,4
293,422,4
2,422,4
4,422,4
497,422,4
84,422,4
395,422,4
306,422,4
308,422,4
132,422,4
279,422,4
278,422,4
276,422,4
67,426,4
129,426,4
9,426,4
318,426,4
69,426,4
151,426,4
465,426,4
97,426,4
180,426,4
99,426,4
122,426,5
90,426,4
433,426,4
141,426,4
288,426,4
95,426,4
67,428,4
318,428,4
69,428,4
1,428,4
293,428,4
465,428,4
97,428,4
180,428,4
426,428,4
395,428,4
90,428,4
132,428,4
288,428,5
174,428,4
110,428,4
94,428,4
67,433,4
189,433,4
9,433,4
8,433,4
6,433,4
185,433,4
293,433,4
180,433,4
99,433,4
504,433,4
395,433,4
308,433,4
473,433,4
73,433,4
179,433,4
464,433,4
67,437,4
69,437,4
8,437,4
409,437,4
6,437,4
293,437,4
465,437,4
180,437,4
99,437,4
426,437,4
96,437,4
314,437,4
107,437,5
63,437,4
174,437,4
407,437,4
67,441,4
9,441,4
69,441,4
290,441,4
8,441,4
6,441,4
293,441,4
4,441,4
180,441,4
504,441,4
395,441,4
96,441,4
433,441,4
132,441,5
73,441,4
95,441,4
94,441,4
407,441,4
235,447,4
67,447,4
189,447,4
8,447,4
6,447,5
2,447,4
4,447,4
465,447,4
97,447,4
180,447,4
99,447,4
504,447,4
497,447,4
96,447,4
433,447,4
473,447,4
110,447,4
5,455,4
67,455,4
88,455,4
191,455,4
69,455,4
8,455,4
0,455,4
4,455,4
180,455,4
99,455,4
101,455,4
504,455,4
497,455,4
96,455,4
433,455,4
132,455,4
73,455,4
289,465,4
67,465,4
69,465,4
8,465,4
4,465,4
465,465,4
180,465,4
101,465,4
504,465,4
497,465,4
96,465,4
141,465,4
132,465,5
63,465,4
110,465,4
407,465,4
5,466,4
235,466,4
67,466,4
69,466,4
290,466,4
398,466,4
8,466,4
4,466,5
180,466,4
99,466,4
101,466,4
504,466,4
96,466,4
308,466,4
141,466,4
132,466,5
288,466,4
190,466,4
110,466,4
67,492,4
113,492,4
9,492,4
1,492,4
6,492,4
465,492,4
97,492,4
180,492,4
101,492,4
504,492,4
84,492,4
395,492,4
122,492,5
98,492,4
73,492,4
63,492,4
110,492,4
67,493,4
88,493,4
113,493,4
129,493,4
9,493,4
191,493,4
410,493,4
1,493,4
465,493,4
97,493,4
180,493,4
99,493,4
101,493,4
504,493,4
84,493,4
179,493,4
63,493,4
94,493,4
289,494,4
67,494,4
189,494,4
191,494,4
1,494,4
6,494,4
97,494,4
180,494,4
99,494,4
101,494,4
504,494,4
84,494,4
395,494,4
73,494,4
179,494,4
110,494,4
67,101,4
113,101,4
191,101,4
290,101,4
1,101,4
0,101,4
97,101,4
180,101,4
99,101,4
101,101,4
504,101,4
84,101,4
103,101,4
98,101,4
63,101,4
82,101,4
67,503,4
143,503,4
88,503,4
113,503,4
191,503,4
151,503,4
410,503,4
0,503,4
465,503,4
180,503,4
99,503,4
101,503,4
395,503,4
73,503,4
179,503,4
94,503,4
67,103,4
191,103,4
151,103,4
185,103,4
0,103,4
469,103,4
99,103,4
101,103,4
426,103,4
504,103,4
395,103,4
308,103,4
122,103,5
433,103,4
399,103,4
98,103,4
73,103,4
459,103,4
310,98,4
67,98,4
88,98,4
113,98,4
151,98,4
6,98,4
0,98,4
4,98,4
469,98,4
101,98,4
504,98,4
122,98,4
399,98,4
73,98,4
190,98,4
110,98,4
94,98,4
67,393,4
9,393,3
318,393,4
151,393,4
409,393,4
6,393,4
0,393,4
293,393,4
4,393,4
469,393,4
101,393,4
308,393,4
181,393,4
122,393,4
399,393,4
466,393,4
5,581,4
67,581,4
143,581,4
113,581,4
9,581,3
318,581,4
191,581,4
151,581,4
6,581,4
4,581,4
469,581,4
101,581,4
122,581,4
396,581,4
190,581,4
110,581,4
5,589,4
310,589,4
67,589,4
9,589,3
318,589,4
191,589,4
398,589,4
151,589,4
123,589,4
6,589,4
0,589,4
2,589,4
4,589,4
469,589,4
101,589,4
181,589,4
235,590,4
310,590,4
9,590,4
318,590,4
191,590,4
151,590,4
409,590,4
6,590,4
4,590,4
469,590,4
504,590,4
181,590,4
122,590,4
396,590,4
466,590,4
278,590,4
67,592,4
143,592,4
113,592,5
9,592,3
318,592,4
191,592,4
398,592,4
151,592,4
469,592,5
101,592,4
504,592,4
181,592,4
122,592,4
396,592,4
466,592,4
468,592,4
235,48,4
9,48,3
191,48,4
151,48,4
123,48,4
6,48,4
0,48,4
4,48,4
465,48,4
504,48,4
399,48,4
396,48,4
466,48,4
103,48,4
472,48,4
110,48,4
9,26,4
398,26,4
0,26,4
4,26,4
397,26,4
469,26,4
504,26,4
115,26,4
306,26,4
122,26,4
396,26,4
314,26,4
103,26,4
472,26,4
483,26,4
110,26,4
5,165,4
9,165,3
318,165,4
191,165,4
311,165,4
398,165,5
409,165,4
123,165,4
0,165,4
4,165,4
397,165,4
469,165,5
504,165,4
84,165,4
308,165,4
122,165,4
136,165,4
110,165,4
432,120,4
235,120,3
143,120,3
9,120,3
123,120,4
144,120,3
6,120,4
0,120,4
293,120,4
2,120,4
4,120,4
329,120,3
504,120,4
395,120,4
500,120,4
279,120,4
278,120,4
5,32,4
235,32,4
67,32,4
143,32,4
113,32,4
189,32,4
69,32,4
6,32,5
293,32,4
4,32,4
465,32,4
180,32,4
99,32,4
96,32,4
308,32,4
132,32,5
107,32,4
190,32,4
289,427,4
5,427,4
235,427,4
67,427,4
88,427,4
189,427,4
9,427,4
69,427,4
2,427,4
180,427,4
99,427,4
426,427,4
84,427,4
96,427,4
308,427,4
433,427,4
107,427,4
63,427,4
178,427,4
5,574,4
7,574,4
67,574,4
143,574,4
189,574,4
69,574,4
290,574,4
465,574,4
180,574,4
99,574,4
497,574,4
308,574,4
433,574,4
288,574,4
190,574,4
110,574,4
95,574,4
464,574,4
407,574,4
235,730,4
67,730,5
143,730,4
88,730,4
129,730,4
69,730,4
293,730,4
4,730,4
97,730,4
180,730,4
99,730,4
426,730,4
497,730,4
488,730,4
98,730,4
63,730,4
472,730,4
235,731,4
67,731,5
143,731,4
129,731,4
1,731,4
4,731,4
180,731,4
99,731,4
101,731,4
497,731,4
395,731,4
90,731,4
433,731,4
288,731,4
178,731,5
95,731,4
94,731,4
235,0,5
67,0,4
143,0,5
129,0,5
69,0,4
151,0,4
409,0,4
185,0,5
4,0,4
97,0,5
180,0,4
99,0,5
101,0,4
426,0,4
395,0,4
308,0,5
90,0,4
141,0,4
288,0,5
174,0,5
110,0,4
7,459,4
67,459,5
143,459,5
129,459,4
189,459,4
69,459,4
8,459,4
409,459,4
1,459,4
293,459,4
4,459,4
465,459,4
97,459,4
180,459,5
101,459,4
426,459,4
504,459,4
395,459,4
308,459,4
90,459,4
433,459,4
132,459,4
63,459,5
288,459,4
110,459,4
235,467,5
7,467,4
67,467,4
143,467,5
88,467,4
129,467,4
189,467,5
318,467,4
8,467,4
6,467,5
185,467,5
293,467,4
4,467,4
97,467,4
180,467,5
99,467,4
101,467,4
426,467,4
504,467,4
308,467,4
90,467,4
433,467,4
132,467,4
73,467,4
63,467,4
288,467,4
110,467,4
178,467,4
94,467,4
235,732,4
310,732,5
67,732,4
143,732,5
88,732,4
129,732,5
189,732,5
8,732,4
6,732,5
293,732,5
465,732,5
180,732,5
99,732,5
101,732,4
497,732,5
308,732,5
90,732,5
433,732,5
174,732,4
190,732,5
463,732,5
94,732,5
67,258,4
143,258,4
129,258,4
189,258,4
69,258,4
8,258,4
6,258,5
185,258,4
293,258,4
4,258,4
465,258,4
180,258,5
101,258,3
504,258,4
308,258,4
90,258,4
433,258,4
132,258,4
314,258,4
107,258,4
73,258,4
63,258,4
174,258,4
82,258,5
235,733,4
67,733,4
143,733,4
129,733,4
189,733,4
69,733,5
8,733,4
97,733,4
180,733,5
99,733,4
101,733,4
504,733,4
308,733,5
122,733,5
90,733,4
433,733,4
132,733,5
107,733,4
63,733,4
178,733,4
235,32,4
67,32,5
143,32,4
129,32,4
189,32,5
69,32,4
151,32,4
8,32,4
409,32,4
6,32,5
185,32,5
293,32,4
2,32,4
4,32,4
180,32,5
99,32,4
101,32,4
504,32,4
497,32,4
115,32,4
308,32,4
90,32,4
433,32,4
132,32,5
63,32,4
463,32,4
178,32,5
235,734,4
67,734,4
143,734,4
129,734,4
191,734,4
69,734,4
290,734,4
151,734,4
1,734,4
185,734,5
465,734,4
504,734,4
181,734,4
122,734,4
399,734,4
314,734,4
94,734,4
5,292,4
235,292,4
310,292,5
143,292,5
318,292,4
191,292,4
311,292,4
398,292,5
151,292,4
1,292,4
2,292,4
4,292,5
115,292,4
306,292,5
228,292,4
483,292,4
432,287,4
7,287,4
310,287,4
143,287,4
129,287,4
151,287,4
8,287,4
409,287,4
123,287,4
144,287,4
6,287,4
0,287,4
2,287,4
4,287,4
497,287,4
84,287,4
395,287,4
115,287,4
308,287,4
132,287,5
500,287,4
11,287,4
63,287,4
278,287,4
276,287,4
432,289,4
235,289,4
7,289,5
143,289,4
129,289,4
191,289,4
151,289,4
8,289,4
409,289,4
123,289,4
144,289,4
0,289,4
2,289,4
4,289,4
308,289,4
63,289,4
276,289,5
5,487,4
235,487,4
7,487,4
67,487,4
143,487,4
129,487,4
189,487,4
9,487,4
290,487,4
151,487,4
185,487,4
469,487,4
504,487,4
181,487,4
433,487,4
100,487,4
98,487,4
5,437,4
7,437,4
67,437,4
69,437,4
290,437,5
8,437,4
1,437,5
185,437,5
0,437,4
97,437,5
99,437,4
101,437,4
329,437,4
504,437,4
395,437,5
141,437,5
103,437,4
179,437,5
110,437,5
5,993,5
7,993,4
67,993,5
9,993,4
69,993,4
1,993,4
185,993,4
0,993,4
397,993,5
469,993,5
101,993,4
497,993,4
395,993,5
115,993,4
122,993,5
399,993,5
103,993,4
5,527,4
7,527,4
310,527,4
9,527,4
398,527,4
6,527,4
0,527,4
2,527,4
4,527,4
465,527,4
397,527,4
469,527,4
504,527,4
395,527,4
115,527,5
306,527,4
319,527,4
279,527,4
483,527,5
7,260,4
60,260,3
9,260,4
69,260,4
398,260,4
151,260,4
123,260,4
2,260,4
4,260,4
465,260,4
504,260,4
395,260,4
115,260,5
306,260,4
228,260,4
308,260,4
319,260,4
432,381,4
5,381,4
9,381,3
69,381,4
151,381,4
144,381,3
6,381,4
0,381,4
2,381,4
504,381,4
395,381,4
115,381,4
306,381,4
228,381,4
308,381,4
320,381,4
110,381,4
5,256,4
7,256,4
310,256,4
143,256,4
9,256,4
318,256,4
398,256,4
123,256,4
0,256,4
2,256,4
4,256,4
84,256,4
115,256,5
306,256,4
308,256,4
111,256,4
508,256,4
319,256,4
190,256,4
483,256,4
110,256,4
5,90,4
143,90,5
9,90,4
318,90,4
398,90,4
409,90,4
123,90,4
0,90,4
2,90,4
504,90,4
115,90,4
306,90,4
308,90,4
508,90,5
141,90,4
319,90,5
500,90,4
483,90,4
432,286,4
5,286,4
9,286,4
318,286,4
151,286,4
123,286,4
6,286,4
2,286,4
4,286,4
395,286,4
308,286,4
111,286,4
320,286,4
58,286,2
500,286,4
136,286,4
276,286,4
5,733,4
235,733,4
67,733,4
129,733,4
189,733,5
9,733,4
69,733,4
8,733,4
6,733,5
293,733,4
4,733,4
180,733,5
101,733,5
426,733,4
504,733,4
96,733,5
90,733,4
433,733,4
58,733,5
289,465,5
5,465,4
67,465,4
88,465,4
129,465,4
189,465,4
69,465,4
8,465,4
409,465,4
180,465,4
99,465,4
101,465,5
426,465,4
504,465,4
115,465,4
96,465,4
488,465,4
122,465,4
110,465,4
289,62,5
5,62,4
235,62,4
67,62,4
88,62,4
129,62,4
189,62,4
9,62,0
69,62,4
290,62,4
409,62,3
99,62,4
101,62,4
426,62,4
329,62,4
100,62,4
132,62,4
73,62,4
178,62,4
5,604,4
7,604,4
67,604,4
129,604,4
189,604,4
69,604,4
290,604,4
8,604,4
185,604,4
4,604,4
180,604,4
101,604,4
426,604,4
329,604,4
395,604,4
96,604,4
288,604,4
432,1019,4
5,1019,4
9,1019,4
151,1019,4
409,1019,4
123,1019,4
144,1019,4
6,1019,4
4,1019,4
504,1019,4
395,1019,4
228,1019,4
308,1019,4
500,1019,4
11,1019,4
136,1019,4
5,407,4
143,407,4
9,407,4
151,407,4
409,407,4
123,407,4
6,407,4
0,407,4
2,407,4
4,407,4
504,407,4
395,407,4
115,407,4
306,407,5
308,407,4
136,407,4
276,407,5
5,245,4
67,245,4
9,245,4
69,245,4
409,245,4
1,245,5
293,245,4
4,245,4
180,245,4
99,245,4
101,245,5
497,245,4
395,245,5
58,245,4
132,245,5
179,245,4
190,245,4
94,245,4
289,521,4
5,521,4
235,521,4
7,521,4
67,521,4
113,521,4
129,521,4
189,521,4
69,521,4
8,521,4
293,521,4
465,521,4
180,521,4
497,521,4
96,521,4
433,521,4
63,521,4
5,386,4
67,386,4
113,386,4
9,386,4
69,386,4
398,386,4
8,386,4
1,386,4
97,386,4
180,386,4
99,386,4
426,386,4
84,386,4
395,386,4
96,386,4
308,386,4
289,144,5
5,144,4
7,144,4
67,144,4
143,144,4
9,144,4
398,144,5
151,144,4
123,144,4
6,144,4
0,144,4
101,144,4
399,144,4
466,144,4
468,144,4
278,144,4
110,144,4
5,263,5
7,263,4
67,263,5
88,263,4
9,263,4
151,263,4
409,263,4
293,263,4
465,263,4
97,263,4
180,263,5
101,263,4
395,263,5
308,263,5
433,263,4
288,263,5
5,614,5
235,614,4
7,614,5
67,614,4
143,614,4
113,614,5
69,614,4
8,614,4
6,614,5
293,614,4
4,614,4
465,614,4
180,614,5
99,614,4
497,614,4
96,614,5
407,614,4
5,1061,4
7,1061,4
67,1061,5
143,1061,4
113,1061,5
129,1061,4
69,1061,4
8,1061,5
185,1061,5
465,1061,4
180,1061,4
99,1061,5
96,1061,4
308,1061,4
73,1061,4
63,1061,4
5,250,4
7,250,4
67,250,4
143,250,4
189,250,4
290,250,4
409,250,4
0,250,4
465,250,4
97,250,4
180,250,4
99,250,4
101,250,4
84,250,4
395,250,4
73,250,4
179,250,4
459,250,4
5,531,5
7,531,4
67,531,4
143,531,4
129,531,4
290,531,4
185,531,4
0,531,4
465,531,4
180,531,4
99,531,5
101,531,5
228,531,4
181,531,4
433,531,4
73,531,5
289,245,4
67,245,4
143,245,4
113,245,4
129,245,4
9,245,4
69,245,4
8,245,4
293,245,4
97,245,4
395,245,4
96,245,4
90,245,4
473,245,4
63,245,4
288,245,4
5,245,5
7,245,4
189,245,4
69,245,4
290,245,4
8,245,4
6,245,5
185,245,5
293,245,4
4,245,4
180,245,5
99,245,5
497,245,4
132,245,5
63,245,4
94,245,4
5,178,4
235,178,4
7,178,4
67,178,4
88,178,4
189,178,4
69,178,4
290,178,4
442,178,5
8,178,4
6,178,5
185,178,5
2,178,4
4,178,4
180,178,5
99,178,4
426,178,4
504,178,5
395,178,4
122,178,4
433,178,4
132,178,5
407,178,4
5,440,4
235,440,4
67,440,4
189,440,4
9,440,4
69,440,4
8,440,4
185,440,5
2,440,4
180,440,5
99,440,5
426,440,4
84,440,4
228,440,4
308,440,4
433,440,4
132,440,5
190,440,4
67,1013,4
143,1013,4
129,1013,4
189,1013,4
69,1013,4
8,1013,4
1,1013,4
2,1013,4
4,1013,4
465,1013,4
97,1013,4
180,1013,4
99,1013,4
101,1013,4
433,1013,4
132,1013,5
288,1013,4
463,1013,4
94,1013,4
7,467,4
67,467,4
143,467,4
189,467,4
69,467,4
8,467,4
185,467,5
4,467,4
465,467,4
97,467,4
180,467,4
101,467,4
122,467,4
73,467,4
63,467,4
288,467,4
110,467,4
94,467,4
5,431,4
7,431,4
67,431,4
113,431,4
189,431,4
1,431,4
185,431,4
0,431,4
2,431,4
4,431,4
465,431,4
97,431,4
180,431,5
99,431,4
101,431,4
111,431,4
63,431,5
288,431,4
190,431,4
110,431,4
178,431,4
5,55,4
235,55,4
7,55,4
67,55,4
143,55,4
189,55,4
9,55,4
1,55,4
185,55,4
0,55,4
2,55,4
4,55,4
465,55,4
99,55,4
101,55,4
122,55,5
132,55,4
288,55,4
190,55,4
110,55,4
178,55,4
5,407,4
7,407,4
67,407,4
88,407,4
189,407,4
9,407,4
8,407,4
1,407,4
185,407,5
0,407,5
4,407,4
465,407,4
97,407,4
180,407,4
101,407,4
84,407,4
73,407,4
288,407,4
178,407,5
5,560,4
235,560,4
7,560,4
310,560,4
67,560,4
189,560,4
9,560,4
1,560,4
185,560,4
465,560,4
97,560,4
99,560,4
101,560,4
84,560,4
308,560,4
433,560,4
473,560,4
73,560,4
288,560,4
94,560,4
459,560,4
5,730,4
7,730,4
310,730,5
67,730,4
69,730,4
398,730,4
185,730,5
465,730,4
97,730,4
180,730,4
101,730,4
89,730,4
426,730,4
141,730,4
288,730,4
178,730,4
235,1010,5
310,1010,4
67,1010,4
143,1010,4
9,1010,4
8,1010,4
293,1010,4
4,1010,4
465,1010,4
180,1010,5
395,1010,5
308,1010,4
132,1010,5
179,1010,5
63,1010,4
110,1010,4
407,1010,5
289,456,5
5,456,5
235,456,4
67,456,5
189,456,5
9,456,4
69,456,4
8,456,5
2,456,5
180,456,5
101,456,5
504,456,4
115,456,5
433,456,5
107,456,5
63,456,5
463,456,5
5,431,4
7,431,4
67,431,4
8,431,4
1,431,4
185,431,4
4,431,4
465,431,4
97,431,4
101,431,4
395,431,4
115,431,5
308,431,4
141,431,4
107,431,5
63,431,4
110,431,4
5,524,4
67,524,4
129,524,4
9,524,4
8,524,4
1,524,4
0,524,4
465,524,4
97,524,4
180,524,4
101,524,4
306,524,4
96,524,4
308,524,4
122,524,4
107,524,5
73,524,4
288,524,4
463,524,4
94,524,4
7,250,4
67,250,4
143,250,4
189,250,4
410,250,4
1,250,4
185,250,4
0,250,4
465,250,4
97,250,4
180,250,4
101,250,4
84,250,4
395,250,4
122,250,4
433,250,4
98,250,4
179,250,4
82,250,4
94,250,4
289,33,4
7,33,4
67,33,4
143,33,4
88,33,4
113,33,4
1,33,4
185,33,4
0,33,4
465,33,4
180,33,5
101,33,5
115,33,4
100,33,4
107,33,5
179,33,4
5,9,4
67,9,4
143,9,4
113,9,5
189,9,4
290,9,5
1,9,5
185,9,5
0,9,4
465,9,4
180,9,5
101,9,5
395,9,5
308,9,4
181,9,4
122,9,5
73,9,4
94,9,5
459,9,4
289,428,4
67,428,4
189,428,4
290,428,4
410,428,4
185,428,4
0,428,4
465,428,4
329,428,4
395,428,5
115,428,5
308,428,4
181,428,4
100,428,4
98,428,4
63,428,4
463,428,4
94,428,4
5,1061,4
7,1061,4
67,1061,4
88,1061,4
129,1061,4
189,1061,4
69,1061,4
290,1061,4
409,1061,4
123,1061,4
0,1061,4
4,1061,4
97,1061,4
101,1061,4
426,1061,4
96,1061,4
308,1061,4
122,1061,4
433,1061,4
63,1061,4
110,1061,4
94,1061,4
5,468,4
67,468,4
9,468,3
69,468,4
8,468,4
293,468,4
4,468,4
180,468,4
99,468,4
132,468,4
473,468,4
107,468,4
63,468,5
288,468,4
174,468,4
407,468,4
310,571,4
67,571,4
113,571,4
189,571,4
191,571,4
290,571,4
398,571,4
1,571,4
4,571,4
465,571,4
97,571,4
180,571,4
99,571,4
426,571,4
96,571,4
308,571,4
73,571,4
63,571,4
190,571,4
94,571,4
67,1061,4
113,1061,4
189,1061,4
9,1061,4
410,1061,4
123,1061,4
1,1061,4
6,1061,4
0,1061,4
465,1061,4
97,1061,4
180,1061,4
426,1061,4
84,1061,4
395,1061,4
433,1061,4
107,1061,5
73,1061,4
5,631,4
235,631,4
7,631,4
67,631,4
143,631,4
189,631,4
191,631,4
290,631,4
410,631,4
1,631,4
0,631,4
465,631,4
97,631,4
180,631,4
99,631,4
426,631,4
84,631,4
395,631,4
115,631,4
122,631,4
103,631,4
107,631,5
73,631,4
143,396,3
9,396,4
69,396,4
290,396,4
398,396,4
409,396,4
123,396,4
6,396,4
0,396,4
4,396,4
465,396,4
488,396,3
181,396,4
399,396,4
396,396,4
94,396,4
5,733,4
67,733,4
143,733,4
113,733,5
9,733,4
69,733,4
8,733,4
4,733,4
97,733,5
99,733,5
101,733,5
504,733,4
395,733,4
115,733,5
132,733,4
63,733,4
288,733,4
187,733,4
178,733,4
5,1061,4
235,1061,4
67,1061,4
143,1061,4
113,1061,5
189,1061,4
69,1061,4
290,1061,5
4,1061,4
97,1061,5
99,1061,5
101,1061,5
504,1061,4
395,1061,4
308,1061,4
122,1061,5
132,1061,5
288,1061,5
187,1061,4
178,1061,5
5,100,4
67,100,5
143,100,5
88,100,4
113,100,5
69,100,4
123,100,4
1,100,5
0,100,4
97,100,4
180,100,5
99,100,5
101,100,5
504,100,4
395,100,5
181,100,5
122,100,5
100,100,5
314,100,4
73,100,4
82,100,4
190,100,5
178,100,5
5,1115,5
235,1115,4
7,1115,5
67,1115,4
143,1115,5
129,1115,4
69,1115,5
410,1115,5
409,1115,4
185,1115,5
0,1115,4
99,1115,5
101,1115,5
395,1115,4
308,1115,4
181,1115,5
122,1115,5
433,1115,4
399,1115,4
466,1115,5
314,1115,4
178,1115,5
459,1115,5
5,184,4
67,184,4
143,184,4
113,184,5
129,184,4
69,184,5
290,184,4
410,184,4
1,184,4
185,184,4
0,184,4
97,184,4
99,184,4
181,184,4
399,184,4
98,184,5
94,184,4
67,490,4
129,490,4
9,490,4
69,490,4
8,490,4
6,490,4
293,490,4
4,490,4
180,490,4
99,490,4
101,490,4
504,490,4
395,490,4
308,490,4
63,490,5
178,490,5
5,631,4
235,631,4
7,631,4
67,631,4
88,631,4
129,631,5
8,631,4
409,631,4
123,631,4
6,631,4
293,631,4
4,631,4
180,631,5
504,631,4
497,631,5
96,631,4
433,631,4
473,631,4
94,631,4
5,632,4
67,632,4
129,632,4
189,632,4
191,632,4
69,632,4
442,632,4
8,632,4
4,632,4
465,632,4
180,632,4
99,632,4
101,632,4
132,632,4
110,632,4
178,632,4
5,516,4
67,516,5
129,516,4
189,516,5
191,516,4
69,516,4
8,516,4
4,516,4
465,516,4
180,516,4
99,516,4
101,516,4
497,516,4
132,516,5
73,516,5
288,516,4
95,516,4
289,1143,4
7,1143,5
67,1143,4
88,1143,4
189,1143,5
1,1143,4
185,1143,5
0,1143,5
465,1143,4
180,1143,5
99,1143,4
101,1143,5
306,1143,5
103,1143,5
179,1143,4
464,1143,4
5,1036,4
310,1036,4
67,1036,5
143,1036,4
189,1036,5
191,1036,4
185,1036,5
0,1036,5
180,1036,4
99,1036,4
101,1036,4
504,1036,4
122,1036,5
107,1036,5
94,1036,4
459,1036,4
5,251,5
7,251,5
143,251,5
9,251,4
69,251,4
409,251,4
123,251,4
6,251,5
185,251,4
4,251,4
397,251,5
469,251,5
306,251,5
319,251,5
132,251,5
412,251,5
110,251,5
5,532,4
7,532,5
143,532,4
9,532,4
69,532,4
311,532,4
409,532,4
123,532,4
185,532,4
0,532,5
4,532,4
397,532,4
469,532,4
308,532,4
412,532,4
190,532,4
110,532,4
5,625,4
235,625,4
60,625,3
9,625,4
69,625,4
311,625,4
151,625,4
409,625,4
144,625,4
6,625,4
0,625,4
2,625,4
465,625,4
469,625,4
84,625,4
395,625,4
228,625,4
308,625,4
58,625,4
190,625,4
5,1054,4
235,1054,4
143,1054,4
60,1054,4
9,1054,4
318,1054,4
311,1054,4
398,1054,4
409,1054,4
2,1054,4
4,1054,4
465,1054,4
469,1054,4
504,1054,4
308,1054,4
110,1054,4
94,1054,4
7,414,5
143,414,4
113,414,5
318,414,4
69,414,4
398,414,4
123,414,4
0,414,4
4,414,4
465,414,4
469,414,4
101,414,5
399,414,4
107,414,5
190,414,4
94,414,4
5,507,4
235,507,4
7,507,4
310,507,4
9,507,4
318,507,4
191,507,4
151,507,4
0,507,4
4,507,4
504,507,4
115,507,4
306,507,4
308,507,4
122,507,4
399,507,4
472,507,4
129,394,4
9,394,4
318,394,4
191,394,4
311,394,4
151,394,4
409,394,4
6,394,4
0,394,4
4,394,4
397,394,4
469,394,4
504,394,4
84,394,4
306,394,4
488,394,4
122,394,4
412,394,4
5,389,4
143,389,4
129,389,4
60,389,4
9,389,4
191,389,4
151,389,4
6,389,4
0,389,4
2,389,4
4,389,4
84,389,4
395,389,4
306,389,4
308,389,4
500,389,4
432,82,4
143,82,4
9,82,4
318,82,4
191,82,4
151,82,4
409,82,4
144,82,4
6,82,4
0,82,4
2,82,4
4,82,4
84,82,4
306,82,5
308,82,4
500,82,4
279,82,5
5,500,4
235,500,4
67,500,4
88,500,4
113,500,4
189,500,4
290,500,4
151,500,4
410,500,4
1,500,4
4,500,4
465,500,4
395,500,4
488,500,4
181,500,4
122,500,4
100,500,4
63,500,4
5,277,4
235,277,3
7,277,4
113,277,4
9,277,4
318,277,4
311,277,4
398,277,4
151,277,4
123,277,4
6,277,4
0,277,4
4,277,4
465,277,3
469,277,4
395,277,4
115,277,4
488,277,4
122,277,3
11,277,3
432,98,4
5,98,4
143,98,3
9,98,4
318,98,3
151,98,4
144,98,4
6,98,4
4,98,4
465,98,4
497,98,4
395,98,4
488,98,4
122,98,4
384,98,4
132,98,4
278,98,4
5,445,5
235,445,4
7,445,5
67,445,5
129,445,4
189,445,5
9,445,4
69,445,4
290,445,4
8,445,4
409,445,5
2,445,4
4,445,4
180,445,4
101,445,4
426,445,4
504,445,5
497,445,4
96,445,5
308,445,5
433,445,4
5,650,4
88,650,4
189,650,5
9,650,4
442,650,5
8,650,5
409,650,4
2,650,5
4,650,4
180,650,4
99,650,5
101,650,4
504,650,4
84,650,4
96,650,5
433,650,4
100,650,5
73,650,4
63,650,5
178,650,4
5,27,4
235,27,4
67,27,5
143,27,4
129,27,4
9,27,4
69,27,4
8,27,4
409,27,4
185,27,5
4,27,4
465,27,4
180,27,5
101,27,4
504,27,4
433,27,4
107,27,4
73,27,4
463,27,4
5,465,4
67,465,4
143,465,4
113,465,5
189,465,4
69,465,4
290,465,4
4,465,4
465,465,4
97,465,4
180,465,4
99,465,4
101,465,4
504,465,4
115,465,4
433,465,4
73,465,4
63,465,5
178,465,4
5,1013,4
235,1013,4
67,1013,5
129,1013,5
69,1013,4
151,1013,4
8,1013,5
185,1013,5
4,1013,4
465,1013,4
97,1013,4
180,1013,5
101,1013,5
504,1013,4
497,1013,5
308,1013,4
107,1013,5
63,1013,5
82,1013,4
463,1013,4
110,1013,4
7,487,5
67,487,4
143,487,4
9,487,4
69,487,4
151,487,4
409,487,4
1,487,5
185,487,4
0,487,4
293,487,4
4,487,4
469,487,5
99,487,4
101,487,4
504,487,4
395,487,4
399,487,4
432,26,4
5,26,5
235,26,4
143,26,4
60,26,4
9,26,4
151,26,4
409,26,4
123,26,5
6,26,4
0,26,4
2,26,4
504,26,4
395,26,4
115,26,4
319,26,4
468,26,4
5,1214,4
7,1214,4
67,1214,4
129,1214,4
189,1214,5
9,1214,4
69,1214,4
185,1214,5
4,1214,5
465,1214,5
180,1214,5
89,1214,4
96,1214,5
308,1214,5
122,1214,5
103,1214,4
107,1214,5
178,1214,4
5,1050,4
235,1050,4
7,1050,4
9,1050,4
318,1050,4
398,1050,4
123,1050,4
0,1050,4
2,1050,4
4,1050,4
397,1050,4
469,1050,4
89,1050,4
504,1050,4
115,1050,5
306,1050,4
122,1050,4
396,1050,4
319,1050,4
11,1050,4
412,1050,4
5,165,4
143,165,4
60,165,4
9,165,4
191,165,4
151,165,4
6,165,4
0,165,4
2,165,4
504,165,4
84,165,4
395,165,4
115,165,5
228,165,4
308,165,4
384,165,4
473,165,4
136,165,4
5,128,4
7,128,4
143,128,5
9,128,4
191,128,4
151,128,4
409,128,4
6,128,4
0,128,4
293,128,4
2,128,4
4,128,4
504,128,4
115,128,4
308,128,4
488,128,4
508,128,4
384,128,4
500,128,4
11,128,4
5,904,4
235,904,4
7,904,4
143,904,4
129,904,4
9,904,4
191,904,4
151,904,4
409,904,4
123,904,4
0,904,4
2,904,4
4,904,4
497,904,4
395,904,4
308,904,4
384,904,4
276,904,4
7,232,5
129,232,4
9,232,4
191,232,4
151,232,4
409,232,4
123,232,4
0,232,4
4,232,4
329,232,5
395,232,4
308,232,4
384,232,4
11,232,4
136,232,5
276,232,4
289,1043,4
5,1043,4
7,1043,4
143,1043,4
88,1043,4
129,1043,4
9,1043,4
311,1043,4
410,1043,4
409,1043,4
0,1043,4
2,1043,4
4,1043,4
465,1043,4
397,1043,4
101,1043,4
504,1043,4
308,1043,4
488,1043,4
181,1043,4
399,1043,4
396,1043,4
466,1043,4
314,1043,4
11,1043,4
468,1043,4
279,1043,4
472,1043,4
190,1043,4
110,1043,4
276,1043,4
94,1043,4
432,629,4
5,629,4
235,629,4
129,629,4
9,629,4
69,629,4
123,629,4
0,629,4
2,629,4
504,629,4
84,629,4
395,629,4
308,629,4
488,629,3
320,629,4
508,629,4
58,629,4
319,629,4
11,629,4
63,629,4
136,629,4
276,629,4
432,666,4
5,666,4
143,666,4
9,666,4
191,666,4
409,666,4
123,666,4
144,666,4
0,666,4
4,666,4
308,666,4
488,666,4
122,666,4
500,666,4
11,666,4
279,666,4
136,666,4
472,666,4
190,666,3
276,666,4
432,143,4
143,143,4
9,143,4
409,143,4
123,143,4
144,143,4
0,143,4
4,143,4
329,143,4
84,143,4
228,143,4
488,143,4
122,143,4
384,143,4
132,143,4
473,143,4
11,143,4
136,143,4
289,94,4
5,94,4
310,94,4
67,94,4
143,94,4
189,94,4
69,94,4
1,94,4
185,94,4
180,94,4
101,94,4
497,94,4
132,94,4
73,94,4
63,94,4
463,94,4
5,17,4
235,17,4
7,17,4
310,17,4
67,17,4
143,17,4
113,17,5
189,17,4
69,17,4
290,17,4
8,17,4
409,17,4
6,17,4
293,17,4
4,17,4
97,17,5
99,17,4
101,17,5
426,17,4
329,17,4
504,17,4
395,17,4
308,17,4
122,17,5
433,17,4
132,17,4
314,17,4
107,17,5
288,17,4
174,17,5
190,17,4
110,17,4
94,17,4
5,494,4
235,494,4
67,494,4
88,494,4
9,494,4
290,494,4
1,494,4
185,494,4
0,494,4
465,494,4
97,494,4
99,494,4
101,494,4
84,494,4
395,494,4
308,494,4
122,494,5
100,494,4
98,494,4
63,494,4
82,494,4
464,494,4
5,255,4
67,255,4
143,255,3
290,255,4
1,255,4
185,255,4
2,255,4
465,255,4
97,255,4
180,255,4
99,255,4
101,255,4
504,255,4
84,255,4
395,255,5
115,255,4
308,255,4
98,255,4
289,762,4
5,762,4
235,762,4
310,762,4
67,762,4
143,762,4
290,762,4
1,762,4
185,762,4
0,762,4
4,762,4
465,762,4
180,762,4
99,762,4
101,762,4
426,762,4
504,762,4
308,762,4
122,762,4
433,762,4
100,762,4
107,762,5
67,2,4
113,2,5
129,2,4
189,2,5
9,2,4
69,2,4
1,2,4
4,2,4
465,2,4
97,2,4
99,2,4
497,2,4
308,2,4
488,2,4
132,2,5
178,2,4
235,540,4
67,540,4
143,540,5
113,540,5
189,540,4
9,540,4
8,540,4
1,540,4
6,540,5
185,540,4
293,540,4
4,540,4
99,540,5
101,540,4
504,540,4
433,540,4
63,540,5
190,540,4
187,540,4
110,540,4
289,268,5
5,268,4
7,268,4
67,268,5
129,268,4
189,268,4
69,268,4
8,268,4
123,268,4
1,268,4
185,268,4
4,268,4
465,268,4
97,268,4
99,268,5
101,268,4
497,268,4
433,268,4
132,268,4
288,268,4
407,268,4
5,9,4
67,9,5
113,9,5
410,9,4
1,9,4
0,9,5
465,9,4
99,9,5
101,9,5
426,9,4
395,9,4
308,9,4
122,9,4
314,9,5
98,9,4
107,9,5
179,9,4
110,9,4
289,484,4
5,484,4
235,484,4
67,484,4
88,484,4
113,484,4
129,484,4
189,484,4
191,484,4
290,484,5
410,484,4
409,484,4
123,484,4
185,484,4
293,484,4
4,484,4
465,484,4
99,484,4
101,484,4
426,484,4
395,484,4
308,484,4
399,484,4
100,484,4
107,484,4
179,484,4
463,484,4
94,484,4
5,733,5
235,733,4
67,733,4
143,733,4
129,733,5
9,733,4
8,733,5
293,733,4
4,733,4
465,733,5
180,733,5
99,733,5
497,733,5
96,733,5
308,733,5
132,733,5
473,733,4
63,733,4
190,733,5
110,733,5
178,733,5
407,733,5
5,466,5
67,466,5
143,466,5
129,466,4
191,466,5
69,466,4
0,466,5
4,466,4
465,466,5
180,466,5
99,466,5
122,466,4
433,466,5
132,466,5
82,466,5
190,466,5
463,466,5
110,466,5
459,466,5
289,431,4
5,431,5
67,431,4
143,431,4
88,431,4
191,431,4
123,431,4
6,431,5
0,431,4
97,431,4
180,431,5
99,431,4
84,431,4
395,431,4
115,431,5
103,431,5
73,431,4
179,431,4
110,431,4
459,431,5
235,734,4
67,734,5
143,734,4
189,734,4
1,734,4
0,734,4
2,734,4
465,734,4
180,734,5
99,734,4
426,734,4
84,734,4
433,734,4
98,734,5
179,734,4
110,734,4
289,9,5
5,9,5
235,9,4
67,9,5
113,9,5
189,9,5
465,9,5
180,9,5
99,9,5
115,9,5
308,9,5
122,9,5
100,9,5
98,9,4
179,9,5
110,9,4
459,9,5
143,1037,5
113,1037,4
129,1037,4
189,1037,4
69,1037,4
1,1037,5
465,1037,4
99,1037,4
426,1037,4
504,1037,4
395,1037,4
181,1037,4
433,1037,4
100,1037,5
73,1037,5
110,1037,4
94,1037,4
459,1037,4
5,33,4
235,33,4
7,33,4
67,33,5
143,33,4
189,33,5
191,33,4
409,33,4
1,33,4
0,33,4
99,33,4
426,33,4
504,33,4
395,33,4
181,33,4
433,33,4
100,33,5
314,33,4
73,33,4
110,33,5
289,1,4
67,1,4
143,1,4
88,1,4
113,1,5
129,1,4
409,1,4
1,1,4
293,1,4
4,1,4
465,1,4
97,1,4
180,1,4
497,1,4
308,1,4
488,1,4
63,1,4
288,1,5
289,25,5
5,25,5
235,25,4
7,25,4
67,25,5
143,25,4
318,25,4
69,25,4
8,25,4
185,25,4
4,25,4
180,25,4
99,25,4
497,25,4
395,25,4
96,25,4
488,25,4
132,25,5
63,25,4
288,25,5
289,71,4
5,71,4
7,71,4
67,71,5
143,71,4
129,71,4
9,71,4
8,71,4
409,71,4
293,71,4
4,71,4
180,71,4
99,71,4
395,71,4
488,71,4
73,71,4
5,27,4
7,27,4
67,27,5
143,27,5
69,27,4
290,27,4
8,27,4
0,27,4
465,27,4
97,27,4
180,27,5
99,27,4
101,27,4
96,27,4
63,27,4
288,27,4
178,27,5
5,489,4
7,489,4
67,489,4
143,489,4
113,489,5
69,489,4
442,489,4
123,489,4
1,489,4
4,489,4
465,489,4
97,489,4
180,489,4
101,489,4
96,489,4
308,489,4
73,489,4
63,489,4
289,411,4
5,411,4
235,411,4
7,411,4
67,411,4
113,411,4
290,411,4
123,411,2
1,411,4
185,411,4
0,411,4
4,411,4
465,411,4
97,411,4
180,411,4
101,411,4
96,411,4
132,411,4
63,411,4
82,411,4
289,151,4
67,151,4
143,151,4
9,151,4
290,151,4
123,151,4
6,151,4
185,151,4
465,151,4
97,151,4
180,151,4
99,151,4
101,151,4
395,151,4
73,151,4
63,151,4
5,260,4
235,260,4
67,260,4
143,260,4
113,260,4
129,260,4
69,260,4
8,260,4
4,260,4
97,260,4
180,260,4
101,260,4
497,260,4
96,260,4
308,260,4
63,260,4
5,684,4
235,684,4
9,684,4
318,684,4
409,684,4
0,684,4
4,684,4
465,684,4
397,684,4
504,684,4
84,684,4
115,684,4
122,684,4
319,684,4
279,684,5
110,684,4
235,730,4
7,730,4
67,730,4
88,730,4
113,730,4
409,730,4
185,730,4
0,730,4
465,730,4
101,730,4
84,730,4
395,730,4
306,730,4
179,730,4
63,730,5
110,730,4
432,263,4
289,263,4
5,263,4
310,263,4
143,263,4
9,263,4
318,263,4
409,263,4
123,263,4
6,263,4
4,263,4
504,263,4
84,263,4
395,263,4
115,263,4
228,263,4
308,263,4
11,263,4
276,263,4
5,179,4
129,179,4
60,179,5
9,179,4
409,179,4
123,179,4
0,179,4
2,179,4
4,179,4
504,179,4
395,179,4
115,179,4
306,179,5
308,179,4
122,179,4
319,179,4
136,179,4
110,179,4
5,133,4
60,133,4
9,133,4
151,133,4
409,133,4
123,133,4
144,133,4
6,133,4
0,133,4
504,133,4
84,133,4
395,133,4
115,133,4
308,133,4
58,133,4
384,133,4
319,133,4
136,133,4
5,565,4
235,565,4
7,565,4
88,565,4
9,565,4
318,565,4
191,565,4
311,565,4
398,565,4
151,565,4
123,565,4
6,565,5
397,565,4
469,565,4
115,565,4
306,565,4
399,565,4
319,565,4
136,565,4
483,565,4
432,676,4
235,676,4
7,676,4
143,676,4
60,676,4
9,676,4
151,676,4
123,676,4
6,676,4
2,676,4
4,676,4
504,676,4
497,676,4
395,676,5
500,676,4
190,676,4
235,0,4
310,0,4
67,0,5
143,0,4
129,0,4
189,0,5
442,0,5
8,0,4
1,0,5
293,0,4
97,0,5
180,0,4
101,0,5
395,0,5
96,0,5
90,0,5
433,0,5
107,0,5
174,0,5
187,0,4
5,455,4
310,455,4
67,455,4
189,455,4
69,455,4
290,455,4
8,455,4
123,455,4
1,455,4
0,455,4
4,455,4
180,455,4
99,455,4
101,455,5
96,455,4
90,455,4
132,455,4
95,455,4
407,455,4
5,469,4
7,469,4
310,469,4
67,469,4
143,469,4
113,469,4
398,469,4
465,469,4
97,469,4
101,469,4
329,469,3
308,469,4
433,469,4
63,469,4
110,469,4
459,469,4
289,487,5
235,487,4
7,487,5
67,487,5
189,487,5
9,487,4
8,487,4
1,487,5
0,487,4
4,487,4
97,487,5
180,487,5
99,487,5
101,487,5
308,487,4
132,487,4
63,487,4
82,487,4
110,487,4
289,460,5
5,460,5
235,460,4
67,460,5
143,460,4
189,460,4
69,460,4
1,460,4
185,460,4
0,460,4
2,460,4
97,460,5
180,460,5
99,460,5
101,460,5
89,460,4
308,460,5
100,460,5
103,460,4
63,460,4
178,460,5
94,460,4
289,393,5
235,393,4
7,393,4
143,393,4
129,393,4
189,393,4
9,393,4
442,393,4
410,393,4
1,393,4
6,393,4
185,393,4
0,393,4
465,393,4
97,393,4
99,393,5
101,393,5
84,393,4
115,393,4
122,393,4
100,393,5
314,393,4
107,393,5
179,393,4
63,393,4
110,393,4
94,393,4
5,466,4
67,466,5
143,466,4
113,466,4
9,466,4
191,466,4
1,466,4
0,466,4
4,466,5
397,466,4
99,466,4
504,466,4
497,466,4
96,466,4
122,466,5
319,466,4
73,466,4
288,466,5
310,376,5
67,376,5
143,376,4
88,376,4
9,376,4
69,376,4
398,376,5
1,376,5
185,376,4
0,376,5
101,376,4
329,376,4
497,376,5
395,376,4
228,376,4
399,376,4
73,376,5
190,376,5
94,376,5
310,572,5
143,572,4
88,572,4
113,572,5
318,572,5
191,572,5
69,572,4
151,572,4
1,572,4
6,572,5
4,572,5
465,572,5
101,572,5
504,572,4
497,572,5
399,572,5
5,521,4
7,521,4
310,521,4
143,521,4
9,521,4
318,521,4
191,521,4
398,521,5
6,521,5
0,521,4
397,521,4
504,521,4
497,521,5
308,521,4
122,521,4
396,521,4
7,249,4
143,249,4
9,249,4
191,249,4
311,249,4
398,249,4
151,249,4
409,249,4
0,249,4
465,249,4
397,249,4
329,249,4
504,249,4
115,249,4
399,249,4
459,249,4
60,746,4
9,746,4
318,746,4
191,746,4
311,746,4
398,746,4
409,746,4
123,746,4
6,746,4
0,746,4
4,746,4
397,746,4
504,746,4
115,746,4
412,746,4
483,746,4
432,40,4
5,40,4
235,40,4
7,40,4
310,40,4
143,40,4
9,40,4
318,40,4
191,40,4
311,40,5
398,40,4
409,40,4
123,40,4
1,40,5
0,40,4
465,40,4
397,40,4
504,40,4
122,40,5
319,40,4
279,40,5
7,266,4
9,266,4
69,266,4
151,266,4
123,266,4
6,266,4
0,266,4
2,266,4
497,266,4
395,266,4
320,266,4
141,266,4
319,266,4
500,266,4
279,266,4
136,266,4
110,266,4
88,128,4
129,128,4
189,128,4
9,128,4
69,128,4
409,128,4
1,128,4
2,128,4
4,128,4
465,128,4
180,128,4
99,128,4
504,128,4
497,128,4
395,128,4
96,128,4
90,128,4
433,128,4
187,128,4
178,128,4
94,128,4
235,1052,4
67,1052,4
129,1052,4
189,1052,4
9,1052,4
191,1052,4
69,1052,4
442,1052,4
409,1052,4
1,1052,4
293,1052,4
4,1052,4
465,1052,4
180,1052,4
99,1052,4
497,1052,4
395,1052,5
433,1052,4
132,1052,4
174,1052,4
110,1052,4
5,280,4
67,280,4
143,280,4
129,280,4
189,280,4
6,280,4
2,280,4
4,280,4
465,280,4
180,280,4
497,280,4
395,280,4
90,280,4
433,280,4
132,280,4
174,280,4
187,280,4
95,280,4
5,420,4
67,420,4
189,420,4
9,420,4
69,420,4
8,420,4
1,420,4
293,420,4
4,420,4
180,420,4
99,420,4
504,420,4
497,420,4
90,420,4
141,420,4
178,420,4
94,420,4
5,1060,4
235,1060,4
67,1060,4
189,1060,4
9,1060,4
442,1060,4
8,1060,5
409,1060,4
2,1060,5
4,1060,4
180,1060,4
99,1060,4
101,1060,4
426,1060,4
504,1060,4
497,1060,4
84,1060,4
96,1060,5
90,1060,4
433,1060,4
132,1060,4
73,1060,4
407,1060,4
5,17,4
235,17,4
67,17,4
143,17,4
88,17,4
189,17,5
9,17,4
69,17,4
8,17,5
4,17,4
465,17,4
180,17,4
99,17,4
89,17,4
426,17,4
504,17,4
497,17,5
84,17,4
115,17,5
90,17,4
433,17,4
94,17,4
5,732,4
7,732,4
67,732,5
129,732,4
189,732,5
9,732,4
69,732,4
290,732,5
8,732,4
185,732,5
293,732,4
4,732,4
97,732,4
180,732,4
99,732,4
101,732,4
504,732,5
497,732,5
96,732,4
433,732,4
107,732,5
63,732,4
187,732,4
110,732,4
464,732,4
5,1041,4
67,1041,4
143,1041,4
113,1041,5
129,1041,4
189,1041,4
69,1041,4
442,1041,4
8,1041,4
185,1041,5
0,1041,5
4,1041,4
180,1041,4
99,1041,5
101,1041,5
504,1041,4
497,1041,5
433,1041,4
107,1041,5
463,1041,5
110,1041,4
5,78,4
235,78,4
67,78,4
129,78,4
191,78,4
69,78,4
290,78,4
409,78,4
185,78,5
4,78,4
97,78,4
180,78,5
101,78,4
504,78,4
497,78,4
96,78,4
132,78,4
463,78,4
110,78,4
5,426,4
235,426,4
67,426,4
143,426,4
69,426,4
290,426,4
8,426,4
185,426,4
4,426,4
97,426,4
180,426,4
99,426,4
101,426,4
504,426,4
497,426,4
288,426,4
110,426,4
5,660,4
235,660,3
310,660,4
67,660,4
129,660,4
189,660,4
69,660,4
290,660,4
8,660,4
185,660,3
0,660,4
2,660,4
4,660,4
465,660,4
97,660,4
180,660,4
99,660,4
101,660,4
96,660,4
433,660,4
141,660,4
63,660,4
178,660,3
95,660,4
407,660,4
5,65,4
191,65,4
69,65,4
290,65,4
1,65,4
0,65,4
4,65,4
465,65,4
180,65,4
99,65,4
101,65,4
504,65,4
63,65,4
288,65,4
190,65,4
110,65,4
7,428,4
67,428,4
143,428,4
88,428,4
290,428,4
0,428,4
2,428,4
4,428,4
465,428,4
97,428,4
180,428,4
99,428,4
101,428,4
504,428,4
497,428,4
141,428,4
73,428,4
63,428,4
288,428,4
5,487,4
7,487,4
191,487,4
1,487,4
185,487,4
0,487,4
293,487,4
4,487,4
469,487,4
99,487,4
426,487,4
504,487,4
395,487,4
181,487,4
433,487,4
132,487,4
98,487,4
107,487,4
459,487,4
432,512,4
7,512,4
60,512,4
9,512,4
191,512,4
151,512,4
8,512,4
144,512,4
6,512,4
0,512,4
293,512,4
2,512,4
4,512,4
395,512,4
500,512,4
279,512,4
278,512,4
432,1031,4
7,1031,4
129,1031,4
9,1031,4
191,1031,4
151,1031,4
8,1031,4
409,1031,4
123,1031,4
6,1031,5
0,1031,4
4,1031,4
84,1031,4
395,1031,4
306,1031,5
320,1031,5
500,1031,4
472,1031,4
7,32,5
9,32,4
318,32,4
311,32,4
398,32,4
151,32,4
8,32,4
409,32,4
123,32,5
0,32,4
4,32,4
504,32,4
395,32,4
115,32,4
306,32,4
308,32,4
279,32,4
472,32,4
5,505,4
7,505,4
9,505,4
318,505,4
409,505,4
123,505,4
6,505,4
0,505,4
2,505,4
469,505,4
101,505,4
306,505,4
488,505,4
181,505,4
399,505,4
396,505,4
466,505,4
5,447,4
235,447,4
7,447,4
310,447,4
67,447,4
113,447,4
185,447,4
0,447,4
180,447,4
99,447,4
101,447,4
426,447,4
329,447,4
84,447,4
115,447,4
96,447,4
107,447,5
179,447,4
5,759,4
7,759,4
143,759,4
9,759,4
69,759,4
398,759,4
123,759,4
6,759,4
0,759,4
469,759,4
101,759,5
181,759,4
399,759,4
466,759,4
472,759,5
110,759,4
289,52,4
5,52,4
235,52,4
7,52,4
9,52,4
398,52,4
409,52,4
123,52,4
0,52,4
397,52,4
469,52,4
89,52,4
58,52,4
399,52,4
11,52,4
190,52,4
110,52,4
310,455,4
67,455,4
143,455,4
129,455,4
191,455,4
1,455,4
0,455,4
101,455,4
497,455,4
395,455,4
115,455,4
433,455,4
399,455,4
473,455,4
73,455,4
190,455,4
463,455,4
5,599,3
235,599,3
7,599,3
9,599,3
191,599,3
398,599,4
410,599,4
0,599,3
4,599,3
397,599,3
89,599,4
115,599,3
306,599,3
308,599,3
58,599,3
396,599,3
319,599,3
136,599,3
110,599,4
5,411,4
235,411,4
7,411,4
9,411,4
191,411,4
398,411,4
123,411,4
6,411,4
0,411,4
4,411,4
115,411,4
306,411,4
308,411,4
122,411,4
399,411,4
110,411,4
276,411,4
7,421,4
310,421,4
9,421,4
191,421,4
311,421,4
398,421,4
123,421,4
6,421,4
2,421,4
395,421,4
115,421,4
306,421,4
308,421,4
122,421,4
279,421,4
110,421,4
310,253,4
143,253,4
60,253,4
9,253,4
191,253,4
311,253,4
398,253,4
0,253,4
4,253,4
84,253,4
395,253,4
115,253,4
308,253,4
122,253,4
279,253,4
136,253,4
110,253,4
5,187,4
235,187,4
7,187,4
143,187,4
113,187,5
9,187,4
318,187,4
191,187,4
311,187,4
398,187,4
409,187,4
123,187,4
0,187,4
397,187,4
306,187,4
483,187,4
5,433,4
235,433,4
143,433,4
113,433,5
9,433,4
318,433,4
191,433,4
311,433,4
398,433,4
409,433,4
123,433,4
0,433,4
469,433,4
504,433,4
115,433,4
306,433,4
279,433,4
432,300,4
5,300,4
129,300,4
9,300,4
151,300,4
409,300,5
123,300,4
0,300,4
2,300,4
4,300,4
329,300,4
504,300,5
395,300,4
308,300,4
500,300,5
11,300,4
432,550,4
235,550,4
7,550,4
129,550,4
60,550,4
9,550,4
151,550,4
409,550,4
123,550,4
6,550,4
2,550,4
4,550,4
465,550,4
426,550,4
504,550,4
308,550,4
122,550,4
508,550,4
58,550,4
319,550,4
132,550,4
279,550,4
136,550,4
432,78,4
5,78,4
7,78,4
143,78,3
129,78,4
60,78,3
9,78,3
151,78,4
410,78,4
123,78,4
144,78,4
6,78,4
0,78,4
293,78,4
2,78,3
4,78,4
329,78,3
504,78,4
84,78,4
308,78,4
319,78,4
500,78,4
278,78,4
190,78,4
5,266,4
235,266,4
143,266,4
129,266,4
9,266,3
69,266,4
151,266,4
123,266,4
6,266,4
0,266,4
2,266,4
504,266,4
308,266,4
320,266,4
132,266,5
500,266,4
136,266,4
110,266,4
276,266,4
432,270,3
7,270,4
143,270,3
60,270,2
9,270,3
123,270,2
6,270,3
2,270,3
4,270,3
504,270,4
308,270,4
320,270,4
132,270,3
279,270,3
190,270,4
110,270,4
276,270,3
432,145,3
235,145,3
7,145,4
129,145,4
60,145,3
9,145,3
123,145,3
6,145,4
0,145,4
293,145,4
2,145,3
4,145,3
504,145,4
308,145,4
122,145,4
319,145,4
279,145,4
278,145,4
190,145,4
5,732,4
9,732,4
69,732,4
290,732,4
8,732,4
409,732,4
185,732,4
293,732,4
4,732,4
469,732,4
97,732,4
180,732,4
99,732,4
101,732,4
497,732,4
179,732,4
5,14,4
7,14,4
67,14,4
143,14,4
88,14,4
113,14,5
191,14,4
8,14,4
409,14,5
1,14,4
0,14,4
4,14,4
465,14,4
469,14,5
97,14,4
99,14,4
101,14,5
115,14,5
103,14,5
179,14,5
63,14,4
288,14,5
190,14,4
178,14,4
289,450,5
235,450,4
67,450,4
143,450,4
9,450,3
290,450,4
409,450,4
185,450,3
0,450,4
2,450,4
4,450,4
97,450,4
180,450,4
101,450,4
426,450,4
84,450,4
395,450,4
433,450,4
100,450,4
314,450,4
107,450,4
179,450,4
288,450,4
94,450,4
310,521,5
67,521,5
143,521,4
88,521,4
191,521,4
69,521,4
290,521,5
410,521,5
6,521,4
4,521,4
469,521,5
97,521,4
101,521,5
497,521,4
395,521,5
115,521,5
308,521,4
181,521,4
122,521,4
100,521,4
314,521,4
103,521,4
107,521,5
73,521,5
179,521,5
288,521,4
190,521,4
94,521,4
459,521,4
289,487,5
5,487,5
7,487,5
318,487,4
69,487,4
0,487,5
4,487,5
397,487,4
101,487,5
504,487,4
497,487,5
181,487,5
111,487,4
314,487,4
107,487,5
94,487,5
289,556,5
5,556,4
7,556,4
9,556,4
318,556,4
191,556,4
69,556,4
0,556,4
2,556,4
4,556,5
397,556,4
469,556,5
101,556,5
306,556,4
488,556,4
181,556,5
122,556,5
433,556,4
399,556,4
396,556,4
314,556,4
412,556,4
190,556,4
94,556,5
289,64,5
5,64,4
7,64,4
143,64,4
9,64,4
318,64,4
191,64,4
69,64,4
8,64,5
410,64,4
409,64,5
6,64,5
4,64,4
469,64,5
101,64,4
488,64,4
181,64,4
122,64,5
399,64,5
396,64,4
103,64,4
468,64,4
472,64,4
412,64,5
190,64,4
94,64,4
289,251,5
5,251,5
7,251,5
143,251,4
9,251,4
318,251,5
191,251,4
69,251,4
123,251,4
6,251,5
0,251,5
4,251,4
397,251,5
469,251,5
101,251,5
306,251,5
488,251,4
181,251,5
399,251,4
396,251,5
314,251,5
468,251,4
483,251,5
110,251,4
289,388,5
5,388,5
235,388,4
7,388,4
310,388,4
67,388,5
143,388,4
9,388,4
191,388,4
69,388,4
311,388,4
409,388,4
6,388,4
0,388,4
2,388,4
4,388,4
397,388,4
469,388,5
504,388,4
306,388,5
228,388,4
181,388,4
111,388,4
122,388,5
396,388,4
466,388,4
472,388,5
278,388,5
289,1054,5
5,1054,4
7,1054,4
310,1054,4
67,1054,5
143,1054,4
9,1054,4
311,1054,4
6,1054,5
0,1054,4
4,1054,4
397,1054,4
469,1054,5
306,1054,5
122,1054,5
399,1054,5
396,1054,4
466,1054,4
468,1054,5
472,1054,4
289,187,5
5,187,5
235,187,4
7,187,4
143,187,4
113,187,5
9,187,4
69,187,4
311,187,4
410,187,4
409,187,4
0,187,4
4,187,4
397,187,5
469,187,5
89,187,5
504,187,4
306,187,4
228,187,4
111,187,5
122,187,4
396,187,4
314,187,4
472,187,5
5,416,4
7,416,5
310,416,4
88,416,4
9,416,4
69,416,4
311,416,4
409,416,5
4,416,4
465,416,4
397,416,4
469,416,5
89,416,5
84,416,4
115,416,5
111,416,4
122,416,4
58,416,5
399,416,5
396,416,4
466,416,4
314,416,4
468,416,5
472,416,5
190,416,5
110,416,4
289,266,5
235,266,4
7,266,5
310,266,4
143,266,4
9,266,4
318,266,4
409,266,4
6,266,5
0,266,5
4,266,5
397,266,5
469,266,5
504,266,4
306,266,4
122,266,5
433,266,4
399,266,5
396,266,4
468,266,4
190,266,5
110,266,4
289,540,5
5,540,4
143,540,4
88,540,4
9,540,4
318,540,4
69,540,4
409,540,5
4,540,4
397,540,5
469,540,5
504,540,4
115,540,5
306,540,5
308,540,4
111,540,4
122,540,5
58,540,5
179,540,5
412,540,4
110,540,4
5,215,4
235,215,4
7,215,4
310,215,5
9,215,3
318,215,4
311,215,4
123,215,4
1,215,4
4,215,4
397,215,4
469,215,4
504,215,4
84,215,4
115,215,5
306,215,4
111,215,4
141,215,4
179,215,5
110,215,4
5,604,4
235,604,4
7,604,5
310,604,4
9,604,0
318,604,4
409,604,5
6,604,4
2,604,4
4,604,4
504,604,4
84,604,4
395,604,4
115,604,5
306,604,5
308,604,4
111,604,4
5,220,4
7,220,4
310,220,4
9,220,4
6,220,4
0,220,4
4,220,4
89,220,4
504,220,5
395,220,5
115,220,4
306,220,5
122,220,4
58,220,5
319,220,4
11,220,3
279,220,4
110,220,4
5,279,4
235,279,4
310,279,4
9,279,4
318,279,4
0,279,4
2,279,4
4,279,4
469,279,4
89,279,4
115,279,4
308,279,4
111,279,4
122,279,5
319,279,4
279,279,4
289,21,5
5,21,4
67,21,5
129,21,5
189,21,5
9,21,4
69,21,4
8,21,4
409,21,5
6,21,5
293,21,4
4,21,4
180,21,4
99,21,5
101,21,5
96,21,5
433,21,5
314,21,4
107,21,5
463,21,5
5,101,4
7,101,4
129,101,4
9,101,4
151,101,4
123,101,4
6,101,4
0,101,4
465,101,4
504,101,4
395,101,4
115,101,4
308,101,4
122,101,4
11,101,3
279,101,4
136,101,4
110,101,4
276,101,4
235,402,4
143,402,4
88,402,4
9,402,4
318,402,4
151,402,4
409,402,4
123,402,4
6,402,4
0,402,4
4,402,4
504,402,4
84,402,4
395,402,4
115,402,4
228,402,4
308,402,4
122,402,4
141,402,4
319,402,4
11,402,4
136,402,4
7,939,4
60,939,3
9,939,4
318,939,4
151,939,4
123,939,4
6,939,4
0,939,4
2,939,4
504,939,4
395,939,4
115,939,4
306,939,4
122,939,4
58,939,4
11,939,4
279,939,4
136,939,4
276,939,4
235,683,3
9,683,3
151,683,4
409,683,4
123,683,4
144,683,3
0,683,4
2,683,4
4,683,4
329,683,2
395,683,4
228,683,3
308,683,4
122,683,4
508,683,5
107,683,4
136,683,5
276,683,4
5,660,4
7,660,4
67,660,4
143,660,4
129,660,4
69,660,4
1,660,4
185,660,5
293,660,4
4,660,4
180,660,4
99,660,4
395,660,4
308,660,4
179,660,4
288,660,4
94,660,4
5,1060,4
235,1060,4
7,1060,4
67,1060,4
143,1060,4
129,1060,4
189,1060,4
69,1060,4
290,1060,4
8,1060,4
409,1060,4
6,1060,5
185,1060,5
2,1060,4
4,1060,4
180,1060,4
99,1060,4
132,1060,5
473,1060,4
73,1060,4
94,1060,4
5,500,4
7,500,4
67,500,4
143,500,4
129,500,4
189,500,4
69,500,4
290,500,4
442,500,4
8,500,4
1,500,4
0,500,4
4,500,4
180,500,4
99,500,4
101,500,4
96,500,4
5,434,4
235,434,4
7,434,4
67,434,4
88,434,4
189,434,4
9,434,4
8,434,4
409,434,4
1,434,4
6,434,4
185,434,5
0,434,4
4,434,4
97,434,4
180,434,4
99,434,4
101,434,4
94,434,4
7,181,4
67,181,4
143,181,4
189,181,4
9,181,4
69,181,4
1,181,4
185,181,5
4,181,4
97,181,4
180,181,5
99,181,4
101,181,5
395,181,4
115,181,5
94,181,4
235,462,4
7,462,4
67,462,4
143,462,4
113,462,4
189,462,4
442,462,4
185,462,4
4,462,4
97,462,4
180,462,4
99,462,4
101,462,4
395,462,4
115,462,4
308,462,4
5,533,5
235,533,4
7,533,5
310,533,4
143,533,4
88,533,4
113,533,5
9,533,4
191,533,4
311,533,4
398,533,5
409,533,5
0,533,5
2,533,4
465,533,4
397,533,5
101,533,5
89,533,5
504,533,4
308,533,4
466,533,5
314,533,5
279,533,5
190,533,5
110,533,4
276,533,4
5,675,4
235,675,4
7,675,4
143,675,4
9,675,4
409,675,4
0,675,4
4,675,4
397,675,4
497,675,4
115,675,4
306,675,5
308,675,4
122,675,5
136,675,5
412,675,4
110,675,4
5,251,5
7,251,5
143,251,5
88,251,4
113,251,5
9,251,4
398,251,5
409,251,4
6,251,5
4,251,4
397,251,4
306,251,5
122,251,5
314,251,5
136,251,5
412,251,4
483,251,5
110,251,5
276,251,4
5,418,4
7,418,4
143,418,4
129,418,4
9,418,4
191,418,4
311,418,4
398,418,4
409,418,4
6,418,4
0,418,4
397,418,4
115,418,4
306,418,4
111,418,4
122,418,4
399,418,4
319,418,4
103,418,4
136,418,4
412,418,4
459,418,4
432,145,4
235,145,4
7,145,5
143,145,4
9,145,4
191,145,5
151,145,4
123,145,4
6,145,5
293,145,4
2,145,5
4,145,4
504,145,4
84,145,4
122,145,4
320,145,5
384,145,4
500,145,5
279,145,5
5,657,4
235,657,4
7,657,4
67,657,4
143,657,4
113,657,4
189,657,4
69,657,4
8,657,4
6,657,4
293,657,4
180,657,4
99,657,4
141,657,4
58,657,4
132,657,4
63,657,4
5,1062,4
235,1062,4
7,1062,4
310,1062,4
67,1062,4
143,1062,4
151,1062,4
1,1062,4
0,1062,4
4,1062,4
97,1062,4
180,1062,4
99,1062,4
101,1062,4
84,1062,4
395,1062,5
115,1062,5
308,1062,4
122,1062,5
179,1062,5
459,1062,4
